1101,台北市中山區中山北路二段113號,25.0605058,121.5232141 
1102,台北市大安區敦化南路二段207號,25.0267552,121.5489975 
1103,台北市中山北路二段96號,25.0595004,121.5226881 
1104,台北市南京東路二段125號,25.052322,121.534423 
1108,台北市松江路237號,25.0589909,121.533485 
1109,台北市寶慶路37號,25.041692,121.510272 
1110,高雄市前金區五福三路21號,22.622374,120.29973 
1201,台北市松江路125號,25.0530844,121.5333046 
1203,台北市中山北路二段79號5樓,25.058161,121.523211 
1210,台南市永康區蔦松二街三號,23.0411336,120.2537658 
1213,新北市三重區重陽路三段99號,25.0680289,121.49055 
1215,台北市松江路八十七號,25.050276,121.533304 
1216,台南市永康區中正路301號,23.0334291,120.244277 
1217,嘉義縣民雄鄉工業二路11號,23.5216683,120.4319491 
1218,台北市長安東路二段99號,25.0485691,121.5349219 
1219,台中市沙鹿區沙田路45號,24.2319459,120.558737 
1220,台北市中山區南京東路二段206號,25.05172,121.535479 
1225,台中市大肚區沙田路一段453號,24.1232194,120.5645635 
1227,台北市仁愛路三段136號,25.0375902,121.5411449 
1229,臺北市大同區承德路一段44號,25.051345,121.516941 
1231,台北市迪化街一段148號,25.057585,121.5096853 
1232,台南市官田區二鎮里工業西路32號,23.2127212,120.320313 
1233,台北市忠孝東路四段107號,25.0417523,121.5483089 
1234,台北市信義路四段296號,25.0330166,121.5545427 
1235,高雄市仁武區高楠公路10號,22.726565,120.321352 
1236,新北市新店區寶興路45巷8弄3號,24.9751073,121.5503934 
1258,台北市中山區松江路51號,25.0481145,121.5331406 
1259,台北市中山區松江路156-1號,25.0545178,121.5328035 
1262,臺北市松仁路89號,25.0369682,121.5687031 
1264,新北市五股區五權五路31號,25.0657753,121.4521063 
1301,高雄市仁武區水管路100號,22.705899,120.33505179
1303,台北市敦化北路二○一號,25.057112,121.549533
1304,台北市內湖區基湖路37號,25.0795272,121.5651097  
1305,台北市內湖區基湖路37號,25.0795272,121.5651097 
1307,高雄市三民區通化街120號,22.644369,120.2934 
1308,台北市內湖區基湖路37號,25.0795272,121.5651097 
1309,台北市內湖區基湖路37號,25.0795272,121.5651097 
1310,台北市羅斯福路一段六號,25.033226,121.5176069 
1312,臺北市南京東路四段1號1,25.0519742,121.5495307 
1313,台北市南港區南港路一段209號,25.0549941,121.6113302 
1314,臺北市松山區東興路12號,25.049908,121.565134 
1315,台中市西屯區工業區35路51號,24.1673406,120.5873798 
1316,台南市安平區永華路二段248號,22.9901245,120.1799829 
1319,台南市安和路二段98號,23.038645,120.2148819
1321,台北市莒光路310號,25.0312696,121.4980336 
1323,台南市仁德區勝利路88號,22.9577454,120.2575355 
1324,台北市中山區南京東路三段61號7樓,25.0522989,121.538101 
1325,台北市林森北路372號,25.0579411,121.5253536 
1326,彰化市中山路三段359號,24.0871263,120.5611259 
1333,新北市新莊區化成路203號,25.050889,121.465726 
1336,新北市五股工業區五權六路十二號,25.0643782,121.4497264 
1337,高雄市鼓山區明誠三路685號,22.6610788,120.2950088 
1339,彰化縣鹿港鎮興業路8號,24.0140602,120.4909801 
1402,台北市大安區敦化南路二段207號,25.0267552,121.5489975
1409,台北市中山區南京東路二段123號,25.0522599,121.53400149
1410,桃園縣蘆竹鄉山腳村南山路三段二三三號,25.0784359,121.2969674 
1413,台北市內湖區瑞光路607號,25.0802529,121.5668259 
1414,台北市仁愛路四段376號,25.0373876,121.5557532 
1416,台北市敦化南路一段二號,25.048066,121.548519 
1417,臺北市仁愛路四段25號,25.0382447,121.5446866 
1418,台北市新生南路一段56號,25.04092,121.532451 
1419,台北市南京東路二段123號,25.0522599,121.5340015 
1423,台北市忠孝東路四段310號,25.0411256,121.5570305 
1432,台北市內湖區民善街83號,25.0587931,121.5763025 
1434,雲林縣斗六市榴中里石榴路317號,23.727302,120.588016 
1435,新北市中和區景平路666號,25.0008479,121.497292
1436,台北巿愛國東路22號,25.0342309,121.517782
1437,台北市忠孝東路四段320號,25.0411177,121.5570844 
1438,桃園縣中壢市民族路六段638號,24.9649322,121.1514972 
1439,台北市11493堤頂大道二段293號,25.0786407,121.5653751 
1440,台南市東區裕農路511號,22.9891282,120.2330582 
1441,台北市松山區南京東路三段346號,25.0515802,121.5480716 
1442,新北市五股區成泰路一段189巷16號,25.0766214,121.4343215 
1443,台北市大同區西寧北路70號,25.053835,121.508618 
1444,台北市松江路162號,25.0553841,121.5327937 
1445,台北市西寧北路62-5號,25.053081,121.508504 
1446,台南市永康區中山南路473號,23.0228831,120.248514
1447,台北市松江路162號,25.0553841,121.5327937 
1449,台南市新市區三舍里207號,23.0976924,120.2945362
1451,苗栗縣後龍鎮東明里下浮尾119-3號,24.6252927,120.8013224
1452,台北市塔城街66號,25.053029,121.510137 
1453,台北市敦化南路二段71號,25.030589,121.549228 
1454,台北市西寧北路70-1號,25.05389,121.508622 
1455,台北市西寧北路七十號,25.053835,121.508618 
1456,台北市內湖區內湖路一段392號,25.080539,121.572734 
1457,台北市內湖區瑞光路607號,25.0802529,121.5668259 
1459,台北市環河北路一段73號,25.0528179,121.507483 
1460,台南市山上區明和里256號,23.1147826,120.3406679 
1463,桃園市大園區大工路一二六號,25.074017,121.176724 
1464,台南市新市區三舍里240號,23.0976924,120.2945362
1465,台北市西寧北路62-5號,25.053081,121.508504
1466,彰化縣埔鹽鄉永樂村番金路94號,23.9890119,120.4217782
1467,717台南市仁德區新田里義林路126號,22.964671,120.26294159
1468,桃園縣蘆竹鄉南崁路一段277號,25.0539413,121.28363979
1469,105台北市松山區復興北路369號4樓之6,25.0626001,121.54475789 
1470,台北市塔城街66號,25.053029,121.51013699
1471,新北市五股區五權七路18號3樓,25.0667519,121.4482097 
1472,台北市大同區西寧北路62-5號2樓,25.053081,121.508504 
1473,台南市歸仁區中山路三段320號,22.9683552,120.2805599 
1474,彰化縣伸港鄉全興工業區工西一路60號,24.1679709,120.5083841 
1475,桃園縣平鎮工業區工業三路16號,24.9048727,121.1996076 
1476,新北市五股工業區五權路28號,25.0668242,121.4505905  
1477,台北市中山區中山北路二段106之2號,25.060211,121.522597 
1503,台北市中山北路六段88號,25.1049165,121.525007 
1504,台北市南港區三重路19-9號,25.05764,121.613755
1506,台南市仁德區大甲里中正西路1015號,22.9234575,120.1983649
1507,台北市復興北路99號11樓,25.052848,121.544352
1512,高雄市仁武區高楠公路廿二號,22.6914742,120.3213911
1513,台北縣中和市中正路801號3樓,25.001023,121.484681 
1514,台北市南港區三重路19-11號12樓,25.0580859,121.613934 
1515,台中市大里區仁化路261號,24.0913549,120.729059 
1516,台北市信義區光復南路495號6樓之5,25.0324176,121.5575934 
1517,彰化縣彰化市石牌里石牌路一段112號,24.0581396,120.6160044 
1519,桃園市中壢區工業區吉林路10號,24.9790273,121.24007 
1521,台南市新信路11號,22.972968,120.180547 
1522,台南市新樂路72之2號,22.9685951,120.174241 
1524,338桃園市蘆竹區內溪路48號,25.0666811,121.278057 
1525,桃園市楊梅區新江路100號,24.8979745,121.1403533
1526,桃園縣蘆竹鄉海湖村海山中街51號,25.1068567844831,121.26009459206546
1527,台中市工業區36路24號,24.172252,120.5908279
1528,台北市中山北路六段88號,25.1049165,121.525007
1529,台北市內湖區內湖路一段120巷13號,25.082384,121.5627928 
1530,新竹縣新埔鎮文山里關埔路水車頭段629號,24.819335,121.0696384 
1531,台北市松山區民生東路三段128號,25.057429,121.546036 
1532,台北市大安區仁愛路四段八十五號,25.0382837,121.5478654 
1533,台中市大雅區中清路四段85號,24.2353733,120.636075 
1535,高雄市前鎮區806民權二路八號,22.605179,120.309573 
1536,台中市大里區仁化路115號,24.0919849,120.721584 
1537,南投市自立三路6號,23.9319281,120.662889 
1538,桃園市平鎮區民族路雙連二段118巷12號,24.9595754,121.1830755 
1539,台中市太平區永豐路78號,24.122822,120.710799
1540,台中縣神岡鄉中山路1056號,24.2546867,120.672643
1541,台中市后里區南村路41號,24.2950813,120.7224476  
1558,台中市太平區永成路78號,24.1161651,120.7091302 
1560,台北市延平南路10號,25.047179,121.510953 
1565,新北市汐止區大同路一段276之2號,25.0572753,121.6342399 
1566,新竹縣關西鎮深坑子3號,24.80404,121.156555 
1568,嘉義縣民雄鄉福樂村中山路18號,23.5249381,120.4501358 
1569,高雄市大寮區大發工業區興業路二號,22.5904192,120.4352684 
1570,新北市八里區博物館路81號,25.1602589,121.4102123 
1580,台北市復興南路一段342號,25.0359628,121.5433585 
1582,新北市中和區建康路168號,24.999821,121.490661 
1583,台中市西屯區協和里工業區五路十三號,24.166392,120.608446
1584,台南市柳營區工一路15號,23.2835062,120.35760529
1586,彰化縣埔鹽鄉南新村好金路3巷28之1號,23.9899765,120.46017159
1589,桃園市觀音區成功路一段502號,25.055862,121.131207
1590,台北市民生東路三段129號,25.057911,121.5476989
1592,台南市安平區慶平路573號,22.9975497,120.1696513 
1593,新竹縣湖口鄉德興路231號,24.9116819,121.043676 
1595,桃園縣蘆竹鄉長興路三段277巷33號,25.0725769,121.282176 
1597,台南市南部科學工業園區新市區大利一路3號,23.1086049,120.2794654 
1599,台南市山上區南洲里南洲41號,23.100536,120.355052 
1603,台北市中山區中山北路三段58號,25.0653005,121.5225641 
1604,桃園市龜山區大華里頂湖26-3號,25.0445089,121.360635 
1605,台北市信義區松智路1號,25.0384776,121.5658535 
1608,高雄巿前金區中正四路170號,22.629318,120.294907 
1609,台南市關廟區中山路二段249號,22.9622349,120.314728 
1614,台北市中山區松江路266號,25.0593953,121.532819 
1615,雲林縣斗六市雲林路三段369號,23.693484,120.513548 
1616,台北市中正區仁愛路二段九十一巷一號,25.0386228,121.5316915 
1617,台南市仁德區中正路三段231號,22.9766614,120.2540117 
1618,台北市忠孝東路一段85號,25.044247,121.526592 
1626,台南市新忠路11號,22.979114,120.182524 
1702,台北市延平北路四段100號,25.0715776,121.5108143 
1704,高雄市小港區中林路3號,22.5387033,120.3691742 
1707,中壢區龍岡路三段六十號,24.9380505,121.2318613 
1708,台北市敦化南路二段99號,25.0288659,121.549355 
1709,台北市南京東路二段二Ｏ六號,25.0518481,121.5281047 
1710,台北市復興北路101號,25.0530735,121.5443476 
1711,台北市敦化南路二段77號,25.030284,121.549201 
1712,台中市西區梅川西路一段二十三號,24.1424151,120.667388 
1713,台北市忠孝東路四段320號,25.0411177,121.5570844 
1714,新北市五股區中興路一段六號,25.0723193,121.469496 
1715,台北市敬業一路97號,25.0828752,121.5520679 
1717,高雄市三民區建工路578號,22.650093,120.324133 
1718,台北市新生南路一段五十號,25.0416169,121.532463 
1721,台中市大里區仁美路139號,24.1015233,120.7100674 
1722,台北市南京東路二段88號,25.0517892,121.5312059 
1723,高雄市前鎮區成功二路88號,22.6047359,120.301679 
1724,桃園市桃園區中正路1071號,25.0163805,121.2977519 
1725,台北市民生東路四段五十四號,25.05771,121.551082 
1726,高雄市小港區沿海三路26號,22.5294961,120.3724946 
1727,桃園市觀音區樹林里工業五路15號,25.0621039,121.1128784 
1729,新竹縣新豐鄉新豐村2鄰新和路108號,24.915754,120.9833052 
1730,台北市承德路三段230號,25.072346,121.518504 
1731,台北市復興北路167號,25.053869,121.544297 
1733,新竹科學工業園區新竹巿力行五路七號,24.76459,121.019616 
1734,宜蘭縣冬山鄉中山村中山路八十四號,24.634263,121.748677 
1735,南投市南崗工業區工業南二路七號,23.9201228,120.6619135 
1736,台中市大雅區東大路二段999號,24.2306358,120.6111619  
1737,台南市南區健康路一段297號,22.981239,120.2039468 
1742,嘉義縣民雄工業區中正路一號,23.5203049,120.4583711 
1752,台南市新化區中山路1001號,23.0346174,120.2884033 
1762,新北市樹林區東興街一號,24.9799419,121.409932 
1773,高雄市永安區永工一路5號,22.8139199,120.2543323 
1777,台南市新營區開元路168號,23.3206791,120.3369414 
1787,台北市松山區南京東路四段126號,25.0514362,121.5553111 
1788,台北市仁愛路二段47號,25.0384249,121.5292466 
1789,南部科學工業園區台南市善化區南科八路一號,23.1197965,120.2826731 
1795,臺北市大安區信義路三段149號,25.0336707,121.5420748 
1799,新竹市科學園區展業一路9號,24.7837032,121.0010221 
1802,台北市松山區南京東路三段261號,25.052102,121.54524 
1805,台北市敦化北路167號,25.0545385,121.5493967 
1806,苗栗縣竹南鎮大埔里竹篙厝200之7號,24.7064891,120.8892227 
1808,新北市鶯歌區德昌街220號,24.9604079,121.3299198 
1809,新竹縣竹東鎮中興路四段一三六號,24.7729912,121.0490108 
1817,新北市三重區興德路111之8號,25.0533599,121.471446 
1902,台北市建國北路一段96號,25.050391,121.536298 
1903,台北市士林區福德路31號,25.0913666,121.5238844 
1904,板橋區民生路一段一號,25.0115624,121.4767141 
1905,臺北市重慶南路二段51號,25.0312877,121.5148771 
1906,雲林縣斗六市十三北路25號,23.7511421,120.568908 
1907,台北市重慶南路二段51號,25.0312877,121.5148771 
1909,彰化縣二林鎮廣興里廣興巷1之1號,23.8695387,120.3618812 
2002,高雄市小港區中鋼路1號,22.5543912,120.3488566 
2006,台北市長安東路一段九號,25.0496647,121.522394 
2007,高雄市岡山區白米里寶米路369號,22.7723447,120.2752267 
2008,高雄市中華一路318號,22.6634572,120.2922281 
2009,高雄巿前金區中正四路170號,22.629318,120.294907 
2010,台北市復興北路502號,25.065582,121.544112 
2012,高雄市岡山區大寶街100號,22.8055212,120.2901855 
2013,高雄市燕巢區中興路500號,22.7810232,120.3602436 
2014,825高雄市橋頭區芋寮里芋寮路317號,22.7613844,120.2820287 
2015,台中市后里區甲后路702號,24.3420622,120.6406436 
2017,台南市民生路二段307號,22.9966265,120.1909306 
2020,台北市民權東路三段二之1號,25.0620999,121.5378624 
2022,高雄市岡山區新樂街79-1號,22.8050957,120.294392 
2023,高雄市橋頭區芋寮路369號,22.7613844,120.2820287 
2024,桃園縣新屋鄉中興路480號,24.96282,121.094794 
2025,台南市麻豆區小埤里工業路222號,23.1868487,120.2307266 
2027,台南市仁德區新田二街125號,22.9589734,120.2671959 
2028,台南市官田區南部里南部123號,23.214193,120.30491 
2029,高雄市小港區中林路11號,22.5370845,120.3670052 
2030,雲林縣斗六市工業區工業路122號,23.7225661,120.598005 
2031,新北市三重區重新路四段97號,25.055006,121.485909 
2032,新北市新莊區大安路8號,25.0058325,121.4320266 
2059,高雄市路竹區順安路275巷136號,22.840791,120.2418463 
2061,高雄市大寮區建民街3號,22.5755178,120.430131 
2062,台中市市政路386號,24.158803,120.6402701 
2063,高雄市岡山區本洲里本工一路一號,22.808196,120.2743664 
2064,彰化縣鹿港鎮鹿工路24號,24.0776775,120.3974637 
2066,高雄市大寮區大發工業區華西路20號,22.5805148,120.4228564 
2067,嘉義縣民雄鄉民雄工業區成功二街21號,23.524745,120.456851 
2101,台北市大安區仁愛路三段136號,25.0375902,121.5411449 
2102,桃園縣中壢市中華路二段369號,24.9630069,121.236142 
2103,台北市敦化南路二段95號,25.0291999,121.5490954 
2108,高雄市林園區工業一路九號,22.5103631,120.4048619 
2109,台北市中山區松江路152號,25.0542589,121.5328528 
2114,南投市南崗工業區南崗三路294號,23.9415491,120.664616 
2201,苗栗縣三義鄉西湖村伯公坑39號之1,24.3829769,120.7493094 
2204,台北市敦化南路二段二號,25.028692,121.548307 
2206,新竹縣湖口鄉鳳山村中華路3號,24.8643359,121.004117 
2207,台北市松江路121號,25.0528258,121.5333503 
2208,高雄市小港區中鋼路3號,22.552346,120.345619 
2221,台中市大甲區幼獅路69號,24.4011346,120.6567844 
2227,苗栗縣三義鄉西湖村伯公坑三十九號之二,24.3829769,120.7493094 
2235,桃園縣龜山鄉大華村頂湖路24號,25.0199092,121.3655989 
2236,台北市中山區南京東路二段137號,25.052339,121.535082 
2301,台北市內湖區瑞光路392號,25.0778123,121.5713551 
2302,新北市土城區中山路71號,24.9659183,121.4272246  
2303,新竹科學工業園區新竹市力行二路三號,24.7703771,121.019247 
2305,新竹市科學工業園區工業東三路六號,24.7768469,121.0062516 
2308,台北市內湖區瑞光路186號,25.0742129,121.5781442 
2311,高雄市楠梓加工出口區經三路二十六號,22.721461,120.306332 
2312,臺北市南京東路五段99號,25.0516953,121.5606501 
2313,桃園市蘆竹區新莊里大新路814巷91號,25.025085,121.2417539 
2323,台北市中山區民權西路53號15樓,25.0630067,121.5205425 
2324,台北市內湖區瑞光路581號,25.07979,121.567871 
2325,台中市潭子區大豐路三段123號,24.2223299,120.6922392  
2327,新北市新店區寶橋路233之1號,24.979477,121.5518629 
2328,新北市新店區安興路97號,24.9769049,121.514352 
2329,高雄市楠梓加工出口區中三街9號,22.7238392,120.302069 
2330,新竹科學工業園區新竹市力行六路8號,24.7734483,121.0151062 
2331,台北市內湖區堤頂大道二段239號,25.078431,121.5669634 
2332,台北市內湖區新湖三路289號,25.0659999,121.583139 
2337,新竹科學工業園區新竹巿力行路16號,24.7672629,121.0268464 
2337,新竹科學工業園區新竹巿力行路16號,24.771393,121.0186241 
2345,新竹市科學工業園區研新三路一號,24.7785969,120.9890012  
2347,台北市民生東路三段75號,25.058001,121.543709 
2348,台北市松山區敦化北路260號7樓,25.0610153,121.5501125 
2349,新竹縣湖口鄉光復北路42號,24.8731902,121.0245489 
2351,彰化市大竹里彰南路二段260號,24.0839528,120.5830233 
2352,桃園縣龜山鄉山鶯路157號,25.0199092,121.3655989 
2353,台北市松山區復興北路369號,25.0626001,121.5447579 
2354,新北市土城區中山路3-2號,24.9611318,121.4124873 
2355,桃園縣蘆竹鄉內厝村3鄰內厝街46號,25.0784359,121.2969674 
2359,台北市內湖區行忠路四十二號,25.065289,121.578332 
2360,桃園市龜山區華亞一路66號,25.0408326,121.3729175 
2361,新竹市科學工業園區研發二路25號,24.7802365,120.9995775 
2362,新北市三重區興德路129號,25.0532629,121.470974 
2363,新竹市公道五路二段180號,24.8001827,121.0041395 
2364,臺北市內湖區瑞光路550號10樓,25.0797976,121.5669473 
2365,新北市三重區重新路五段492號1-8樓,25.04651,121.473621 
2367,新北市土城區中山路4巷3號,24.9601504,121.4128716 
2368,桃園縣中壢市西園路113號,24.985819,121.2366885 
2369,台中市潭子區南二路五之一號,24.2174032,120.7016044 
2373,台北市信義路五段二號,25.0328684,121.5597437 
2374,新北市五股區五權路7巷8號,25.064656,121.4485575 
2375,新北市新店區寶橋路235巷1弄2號,24.9798511,121.5523025  
2376,新北市新店區寶強路六號,24.9790401,121.5432366 
2377,新北市中和區立德街69號,25.0076531,121.4874237 
2379,新竹科學園區創新二路2號,24.7805875,120.995005 
2380,新竹縣新竹科學工業園區研新一路二十號,24.776435,120.99528 
2382,桃園市龜山區文化里文化二路188號,25.0497579,121.373356 
2383,桃園巿觀音區觀音工業區大同一路18號,25.0482139,121.129751 
2384,台中市潭子區台中加工出口區建國路10號,24.218588,120.7022108 
2390,新北市土城區中華路一段50號,24.989084,121.445801 
2392,新北市土城區中山路18號,24.9621369,121.4191963  
2393,新北市樹林區中華路6之8號,24.9841598,121.4241499 
2395,台北市內湖區瑞光路26巷20弄1號,25.0693573,121.5826245 
2397,新北市汐止區環河街100號,25.060154,121.629475 
2399,新北市新店區民權路108-2號,24.983133,121.535584 
2401,新竹縣科學工業園區創新一路十九號,24.778236,120.994829 
2402,桃園市龜山區華亞二路268號,25.0442877,121.3738192 
2404,台北縣新店市寶高路7巷3號,24.9776764,121.5520203 
2405,台北市內湖區瑞光路76巷30號,25.0707391,121.5807222 
2408,桃園市龜山區華亞科技園區復興三路669號,25.0199092,121.3655989 
2409,新竹市科學園區力行二路一號,24.7738401,121.019329 
2412,台北市信義路一段二十一之三號,25.0365149,121.523275 
2413,台中市工業區27路3號,24.1669085,120.6096712 
2414,台北市內湖區新湖二路236號,25.064474,121.5822173 
2415,台北市中正區忠孝西路一段4號,25.0457174,121.5185041 
2417,新北市中和區建一路135號,25.001093,121.488284 
2419,新北市五股區五工五路38之1號,25.0667875,121.4496789 
2420,新北市新店區民權路50號,24.9831123,121.5392127 
2421,高雄市前鎮區新衙路296巷30號,22.5822492,120.3142852 
2423,新北市土城區中興路7之1號,24.964754,121.423182 
2424,台北市大安區信義路四段279號,25.0333997,121.5545918 
2425,新北市新店區民權路48之3號,24.983076,121.5395117 
2426,苗栗縣竹南鎮仁愛路1387號,24.7122503,120.8811779 
2427,北市信義路五段150巷2號,25.0281959,121.570994 
2428,高雄市三民區民族一路373巷21號,22.654352,120.314469 
2429,桃園縣中壢市中壢工業區自強四路九號,24.9726159,121.2428507 
2430,台北市內湖區堤頂大道一段331號,25.0627095,121.573044 
2431,台北市內湖區南京東路六段501號,25.0617968,121.5886617 
2434,台南市新市區中山路76號,23.0443699,120.3150951 
2436,新竹縣科學工業園區工業東九路24號,24.7725759,121.0051902 
2437,高雄市楠梓加工區中二街1號,22.7232279,120.3038322 
2438,桃園市龜山區楓樹里自強北路17巷31號,25.0007249,121.344734 
2439,台中市南屯區寶山里工業區23路22號,24.1601658,120.6057143 
2440,新竹縣芎林鄉五龍村五和街226號,24.74442,121.1368731 
2441,苗栗縣竹南鎮公義路136號,24.696729,120.881813 
2442,台北市內湖區陽光街300號,25.0727019,121.5749404 
2443,新竹縣湖口鄉民生街336號,24.9045982,121.0517153 
2444,新竹市科學園區研發二路21號,24.779528,121.001619 
2454,新竹科學工業園區新竹市篤行一路1號,24.7721768,121.0238134 
2455,桃園市平鎮區平鎮工業區工業一路16號,24.9056519,121.203415 
2456,新竹縣湖口鄉德興路301巷29號,24.9062401,121.0454082 
2457,桃園縣龜山鄉復興三路568號,25.0396846,121.3721777 
2458,新竹科學工業園區新竹縣創新一路十二號,24.7773036,120.9962913 
2459,臺北市內湖路一段120巷8號,25.0827976,121.5628934 
2460,高雄市路竹區大同路513巷138號,22.863747,120.2661313 
2461,新竹市科學工業園區力行六路一號,24.7729735,121.0146874 
2462,(22206)新北市深坑區北深路三段272號,25.004863,121.5979545 
2464,新竹市科學工業園區研發二路3號,24.7777411,121.001509 
2467,台北縣林口鄉工二工業區工八路2-1號,25.078152,121.4026287 
2468,台北市內湖區行愛路78巷25號,25.0618298,121.5817683 
2471,台北市中山北路二段111號,25.0601909,121.5231386 
2472,台中市大里區成功路51巷20號,24.085638,120.698218 
2474,台南市永康區仁愛街398號,23.0521599,120.243575 
2475,桃園市龍潭區三和里華映路1號,24.859572,121.192861 
2476,桃園市新屋區九斗里8鄰上青埔56號,24.9607857,121.1280781 
2477,桃園市幸福路99號,24.9881104,121.3382994 
2478,桃園縣蘆竹市山鼻村3鄰南山路二段470巷26號,34.663591,136.477448 
2480,新竹市東大路二段83號,24.813363,120.96736 
2483,台中市工業區25路20號,24.157905,120.6079551 
2484,427台中市潭子區中山路三段111巷1之1號,24.2230328,120.7059029 
2485,新北市中和區員山路512號,25.0091877,121.4792977 
2486,新北市新莊區五工五路17號,25.0631969,121.454517 
2488,台南市仁德區中正路三段256號,22.9790766,120.2555028 
2489,新北市中和區連城路268號,24.996433,121.486407 
2491,新北市新店區中正路54巷6號,24.970397,121.545028 
2492,台北市松智路1號,25.0384776,121.5658535 
2493,台北市信義區松德路171號,25.0358,121.574865 
2495,新北市中和區中山路三段102號,25.0061243,121.4767426 
2496,新竹科學工業園區苗栗縣竹南鎮科中路11號,24.7123188,120.9141268 
2497,彰化縣伸港鄉溪底村工東一路37號,24.1671431,120.5121433 
2498,桃園市桃園區興華路23號,24.9759762,121.3266063 
2499,新北市三重區光復路一段88-8號,25.050719,121.471434 
2501,台北市敦化南路二段二一八號,25.0217172,121.5482726 
2504,台北市內湖區新湖一路8號,25.0584282,121.5748024 
2505,台北市民生東路三段49號,25.0580629,121.5401578 
2506,台北市忠孝東路四段二八五號,25.041674,121.554149 
2509,台北市內湖區新湖二路329號,25.0645815,121.5835167 
2511,台南市永康區中正南路30號,23.0197995,120.2162514 
2515,北市松山區東興路12號,25.04836,121.5657552 
2516,臺北市八德路四段760號,25.0501013,121.5793154 
2520,台北市和平東路三段131號,25.0246097,121.5521977 
2524,高雄市苓雅區中正一路120號,22.62818,120.332568 
2527,台北市基隆路一段420號,25.034079,121.559883 
2528,台北市中山區民生東路三段51號,25.0582379,121.540197 
2530,台北市內湖區成功路五段460號,25.0741127,121.6066108 
2534,台北市民生東路三段156號,25.0574129,121.5475732 
2535,台北市大安區敦化南路二段92號,25.0281377,121.5485101 
2536,台北市敦化南路二段69號,25.0306449,121.549205 
2537,台北市信義區忠孝東路五段550號,25.041785,121.579925 
2538,台北市中正區衡陽路五十一號,25.042403,121.512201 
2539,台中市西區英才路512號,24.1505879,120.665048 
2540,台北市大安區忠孝東路四段166號,25.0412922,121.5505679 
2542,台北市大安區敦化南路二段七十六號,25.02923,121.5481706 
2543,台北市中正區重慶南路三段180號,25.022891,121.516559 
2545,台北市博愛路38號,25.045824,121.511245 
2546,106台北市和平東路三段131號,25.0246097,121.5521977 
2547,台北市大同區市民大道一段209號,25.0487857,121.518569 
2548,台北市信義路四段456號,25.0328162,121.5585593 
2596,台北市市民大道五段69號,25.0465049,121.5609093 
2597,台北市中山區八德路二段308號,25.0471046,121.5424492 
2601,台北市復興南路二段237號,25.026013,121.543826 
2603,台北市中山區民生東路二段166號,25.0576924,121.5340899 
2605,台北市大安區復興南路一段368號,25.034979,121.543303 
2606,台北市敦化南路二段207號,25.0267552,121.5489975 
2607,桃園市經國路899號,25.03272,121.300075 
2608,台北市中正區新生南路一段50號,25.0416169,121.532463 
2609,基隆市七堵區明德一路271號,25.0944587,121.7109313 
2610,桃園市大園區航站南路一號,25.0684019,121.220824 
2611,台北市中山區建國北路二段33號,25.0550136,121.5373028 
2612,台北市濟南路一段15號,25.042619,121.5223842 
2613,新北市汐止區大同路三段二七五號,25.0755026,121.6738826 
2614,台北市復興南路一段368號,25.034979,121.543303 
2615,台北市松江路136號,25.0528088,121.5327974 
2616,新北市板橋區民生路一段1之2號,25.011547,121.476733 
2617,台北市濟南路二段29號,25.0411379,121.5287356 
2618,桃園市蘆竹區新南路一段376號,25.0401302,121.2970699 
2634,台中市西屯區漢翔路1號,24.185128,120.6461383 
2636,台北市信義區忠孝東路四段 563 號 12樓,25.0415889,121.56405 
2640,台北市中山區長安東路二段162號,25.0482323,121.5393215 
2641,高雄市苓雅區海邊路31號,22.616581,120.2934659 
2642,新北市中和區圓通路288號,24.9894094,121.4902129 
2701,台北市峨嵋街52號,25.0329636,121.5654268 
2702,高雄市前金區六合二路279號,22.6291921,120.2908505 
2704,台北市中山北路二段63號,25.056582,121.52313 
2705,新竹縣關西鎮仁安里拱子溝六十號,24.8252393,121.1806029 
2706,台北市南京東路二段六十三號,25.0522811,121.530225 
2707,台北市中山北路二段39巷3號,25.0541874,121.52424 
2712,花蓮縣壽豐鄉鹽寮村山嶺18號,23.9082016,121.5966494 
2723,台中市南屯區工業23路35號,24.1540295,120.6083121 
2724,台北市中山區南京東路三段77號,25.0521886,121.5386506 
2727,臺中市西區臺灣大道二段218號,24.1520415,120.6688479 
2729,新北市中和區建一路176號,24.9975251,121.4874595 
2731,台北市內湖區瑞湖街111號,25.0717669,121.5764547 
2732,新竹縣竹北市自強五路239號,24.8123964,121.0204396 
2734,台北市中正區衡陽路51號,25.042403,121.512201 
2801,臺中市自由路二段三八號,24.1399118,120.6821605 
2809,台南市西門路一段506號,22.9845421,120.197943 
2812,台中市民權路87號,24.137497,120.679992 
2816,台北巿大安區忠孝東路四段219號,25.0416892,121.5524189 
2820,台北市內湖區堤頂大道二段99號,25.0766163,121.5712474 
2823,台北市敦化北路122號,25.0539849,121.548513 
2832,臺北市館前路49號,25.0448979,121.5151541 
2833,台北市中山區中山北路二段42號,25.054823,121.522377 
2834,台北市塔城街三十號,25.051177,121.510259 
2836,高雄市左營區博愛二路168號,22.659438,120.303385 
2838,台北市大同區承德路一段105號,25.0528802,121.5179119 
2841,台北市衡陽路51號14樓之1,25.042403,121.512201 
2849,臺北市信義區信義路五段7號,25.0337181,121.5648093 
2850,台北市建國北路二段十三號,25.0536298,121.5370809 
2851,台北市南京東路二段53號,25.0525249,121.5297063 
2852,台北市中正區忠孝東路一段五十四號,25.044702,121.5228695 
2855,台北市東興路8號,25.0501769,121.5652391 
2856,台北市大安區敦化南路二段97號,25.0290929,121.5490091 
2867,台北市建國北路二段145號,25.061231,121.53737 
2880,臺灣省台北市信義區松仁路123號,25.0343863,121.5689028 
2881,台北市建國南路一段237號,25.037431,121.538455 
2882,台北市仁愛路四段296號,25.0374136,121.5535465 
2883,台北市南京東路五段125號,25.051756,121.560927 
2884,台北市松山區民生東路三段117號,25.058074,121.54662 
2885,台北市松山區敦化南路一段66號,25.0473196,121.5484378 
2887,台北市大安區仁愛路四段118號,25.0375788,121.5500629 
2888,台北市中正區忠孝西路一段66號,25.046245,121.5152825 
2889,台北市南京東路二段167號,25.0522629,121.5361525 
2890,台北市中山區八德路二段306號,25.0468732,121.5425549 
2891,臺北市南港區經貿二路168號,25.0587249,121.6165477 
2892,台北市重慶南路一段30號,25.045433,121.512988 
2901,台北市林森北路247號,25.0542103,121.5255876 
2903,新北市板橋區新站路16號,25.0126866,121.4665319 
2904,台北市民生東路三段一三一號,25.0579194,121.5478483 
2905,台北市建國北路二段145號,25.061231,121.53737 
2906,台北市105敦化北路201號,25.056453,121.549902 
2908,台北市內湖區新湖三路23號,25.062164,121.5739519 
2910,台北市大安區忠孝東路四段197號,25.0417118,121.55163 
2911,台北市內湖區陽光街321巷60號,25.0716219,121.5770446 
2912,台北市東興路65號,25.046907,121.5665939 
2913,台北市南港區園區街3號,25.0589162,121.6123331 
2915,台北市八德路二段308號,25.0471046,121.5424492 
2916,新北市五股區五權六路十八號,25.0648382,121.4501719 
2923,新北市汐止區康寧街751巷,25.0734042,121.6386403 
2924,台北市南港路三段50巷1號,25.0548502,121.5916757 
2926,台北市信義區松德路204號,25.034413,121.574268 
2929,台北市內湖區新湖一路97號,25.0592533,121.5772716 
3002,台北市內湖區內湖路一段88號,25.0834155,121.5626118 
3003,彰化縣線西鄉彰濱東三路8號,24.132924,120.430786 
3004,桃園縣平鎮市太平東路5號,24.903749,121.250896 
3005,新竹科學工業園區新竹縣研發二路1號,24.775972,120.999928 
3006,新竹科學工業園區新竹市工業東四路23號,24.7741899,121.0093619 
3008,台中市南屯區精科路11號,24.1456107,120.6026446 
3010,高雄市前金區中正四路235號,22.6280556,120.2925479 
3011,新北市新店區寶興路53號,24.9730859,121.54984 
3013,台北市內湖區民權東路六段27號,25.0687348,121.5836013 
3014,新竹科學工業園區新竹縣創新一路13號,24.77592,120.9972844 
3015,桃園市桃園區建國東路22號,24.9860549,121.3201476 
3016,新竹市科學工業園區篤行一路10號,24.7730112,121.0239081 
3017,高雄市前鎮區新生路248之27號,22.5765396,120.319821 
3019,台中市潭子區南二路22之3號,24.2174032,120.7016044 
3021,台北市東興路59號,25.0474766,121.5667178 
3025,新竹科學工業園區新安路八號,24.7814515,121.0043233 
3026,台北市內湖區環山路二段六十二號,25.085454,121.574292 
3027,新北市新店區中興路二段192號,24.9732512,121.5484659 
3028,台北市內湖區新湖二路250巷8號,25.0648819,121.5825677 
3029,台北市內湖區內湖路一段360巷8號,25.0808429,121.5703012 
3030,台北市士林區德行西路45號,25.106097,121.5231511 
3031,新北市板橋區和平路19號,24.994939,121.459834 
3032,台南市安南區安和路二段54巷225號,23.035543,120.21682 
3033,台北市內湖區內湖路一段308號,25.081969,121.5688466 
3034,新竹科學園區創新一路13號,24.77592,120.9972844 
3037,桃園市龜山工業區興邦路38號,24.982227,121.324397 
3038,高雄市高雄加工出口區中一路5號,22.600493,120.291708 
3040,新北市汐止區康寧街169巷31號,25.0696434,121.6226011 
3041,台北市內湖區內湖路一段246號,25.0820347,121.5660979 
3042,台北市北投區中央南路二段十六號,25.126568,121.5001282 
3043,新北市中和區連城路246號,24.996438,121.488626 
3044,桃園縣平鎮市平鎮工業區工業五路,24.9021197,121.1978223 
3045,台北市信義區菸廠路88號,25.044545,121.5614574 
3046,台北市內湖區新湖一路128巷15號,25.0598628,121.5772745 
3047,新北市五股區五權三路三號,25.0674922,121.4558574 
3051,桃園縣平鎮市平東路659巷37號,24.917936,121.252806  
3052,新北市中和區新民街112號,25.0084712,121.4805057 
3054,新北市中和區建康路119號,25.0005361,121.4889381 
3055,新竹市水源街95號,24.8030665,120.9929417 
3056,新竹縣竹北市高鐵七路65號,24.8080132,121.0412154 
3057,新竹科學工業園區工業東九路三十號,24.7735929,121.0050966 
3058,新北市新店區寶橋路235巷138號,24.9838989,121.5524624 
3059,新竹市科學工業園區力行路12號,24.770339,121.0262753 
3060,桃園市龜山區龍壽里萬壽路一段492-1號,25.0173304,121.3979812 
3062,新竹科學工業園區園區3路99號,24.771758,121.001985 
3068,新竹縣新竹工業區自強路18號,24.86874,120.9971772 
3071,屏東市橋南里工業六路東段六號,22.6576043,120.4978569 
3073,台北市中山區敬業一路97號,25.0828752,121.5520679 
3078,桃園市蘆竹區南崁路二段222號,25.0592011,121.2745544 
3083,台北市南港區南港路三段四十七巷二號,25.0527825,121.590358 
3085,台中市西屯區文心路三段241號,24.1724819,120.662993 
3086,台北市內湖區堤頂大道二段407巷22號,25.081052,121.563832 
3088,新北市新店區寶橋路235巷4號,24.9799067,121.5522567 
3089,台北市內湖區內湖路ㄧ段118號,25.0831507,121.563136 
3090,新北市新店區中正路四維巷一弄四號,24.9857737,121.534565 
3093,桃園l市蘆竹區南崁路二段66號,25.058026,121.279086 
3094,新竹科學園區力行六路6號,24.7729959,121.01466 
3095,新北市中和區建二路111號,25.0040311,121.4863958 
3105,桃園市龜山區華亞科技園區科技七路69號,25.0199092,121.3655989 
3114,台北市松山區敦化南路一段25號,25.046365,121.5492767 
3115,桃園市蘆竹區南山路一段280號,25.0569655,121.2897111 
3118,新北市汐止區康寧街169巷80號,25.068645,121.623008 
3122,新竹縣竹北市台元一街8號,24.8420695,121.0174954 
3126,新北市三重區光復路一段82-2號,25.050226,121.4716859 
3128,桃園縣八德市長興路六七三號,24.9327099,121.268235 
3130,新北市新店區寶中路119-1號,24.9797569,121.5495459 
3131,新竹市香山區中華路六段89號,24.7483628,120.9075322 
3141,台北市內湖區瑞光路618號,25.0804571,121.5652698 
3144,高雄市路竹區路科二路8號,22.837517,120.2590724 
3149,苗栗縣銅鑼鄉中興路99號,24.4871469,120.8025481 
3152,新竹縣湖口鄉新竹工業區自強路16號,24.8682379,120.997912 
3162,桃園縣新屋鄉社子村二鄰6-2號,24.9826597,121.067907 
3163,新竹科學園區工業東九路30號,24.7735929,121.0050966 
3164,台南市善化區南科七路八號,23.1126629,120.28006 
3167,桃園縣八德市友聯街49號,24.92854,121.291233 
3188,臺北市內湖區文湖街12號,25.0856945,121.5609076 
3189,桃園市新屋區中華路1245號,24.99356,121.100202 
3191,台北市大同區民權西路136號,25.0627354,121.5164841 
3202,台北市南港區南港路三段50巷16號,25.0556747,121.5908668 
3205,台北市南港區園區街3號,25.0589162,121.6123331 
3206,新北市淡水區中正東路二段69-11號,25.1544227,121.4596624 
3207,新北市土城區忠承路95號,24.9651876,121.4385751 
3209,台北市內湖區瑞光路360號,25.0772168,121.5724189 
3211,桃園市龜山區文化里華亞一路66號,25.0408326,121.3729175 
3213,新北市深坑區北深路三段250號,25.0042539,121.5998296 
3221,桃園市平鎮區工業二路三號,24.901211,121.201903 
3224,新北市汐止區新台五路一段75號,25.060764,121.64546 
3226,新北市新店區寶橋路235巷7號,24.9829373,121.5504897 
3227,新竹科學園區新竹縣創新一路五號,24.774125,121.0004627 
3228,新竹市科學工業園區力行路2之1號,24.7750521,121.0210472 
3229,新北市新莊區瓊林南路305巷2號,25.0060224,121.4342229 
3230,桃園市蘆竹區南崁里經國路890號,25.0337972,121.3009271 
3231,新竹科學工業園區新竹市新安路5號,24.7815839,120.9995382 
3232,臺北市內湖區瑞光路407、411號,25.0783051,121.571245 
3234,新竹科學工業園區新竹市展業一路21號,24.7852312,121.0011786 
3257,新竹科學工業園區新竹市東區園區二路11號,24.7794561,120.999099 
3259,新竹縣竹北市台元街22號,24.840561,121.012354 
3260,新北市中和區連城路258號,24.9965494,121.4869174 
3264,新竹縣湖口鄉勝利村工業三路3號,24.8667939,121.017049 
3265,新竹縣芎林鄉華龍村6鄰鹿寮坑176-5號,24.7505704,121.1395358 
3266,台北市大安區忠孝東路四段289號,25.041701,121.554714 
3268,台中市西屯區台灣大道四段925號,24.1817706,120.6170009 
3272,新北市新店區寶橋路235巷131號,24.9840081,121.551627 
3276,桃園縣中壢市自強四路三號,24.9726138,121.2427432 
3284,高雄市大寮區大發工業區莒光二街20號,22.5789416,120.4246662 
3285,新北市汐止區康寧街169巷31號,25.0696434,121.6226011 
3287,新北市中和區建二路113號,25.0040804,121.4867673 
3288,新竹科學工業園區新竹市展業一路9號,24.7837032,121.0010221 
3289,新竹市埔頂路22號,24.7931681,121.0074402 
3290,台中市西區台灣大道二段307號,24.1533656,120.6658276 
3291,新竹縣竹北市台元街38號,24.842417,121.017649 
3293,新北市五股區五工路130號,25.0677777,121.452818 
3294,新北市土城區自強街五號,24.9699403,121.4300671 
3296,新北市中和區中山路二段407號,25.0046716,121.4859889 
3297,新北市汐止區大同路二段171號,25.0640694,121.6514195 
3299,台南市安南區工業三路58號,23.0363499,120.151641 
3303,台南市麻豆區麻豆口1-13號,23.178095,120.21996 
3305,桃園縣觀音工業區工業二路12-1號,25.0648417,121.1272092 
3306,桃園縣龜山鄉文化二路188號,25.0497579,121.373356 
3308,桃園市龜山區科技一路69號,25.0519075,121.3765499 
3310,桃園縣大園鄉和平村三界壇店8-3號,25.0492632,121.193945 
3311,新北市淡水區奎柔山路73號,25.204532,121.4736179 
3312,台北市內湖區瑞光路188巷51號,25.0739879,121.576059 
3313,新北市三重區興德路111-5號,25.0533617,121.471269 
3315,台北市內湖區民權東路六段13-20號,25.0673538,121.5798693 
3317,新北市汐止區工建路368號,25.0598765,121.6332213 
3322,新北市汐止區新台五路一段79號,25.0613278,121.6458144 
3323,桃園市龍潭區工五路128號,24.8887007,121.2086397 
3324,新北市新莊區五權三路6號,25.063243,121.4520785 
3325,新北市三重區興德路98號,25.0530557,121.4726705 
3332,台北市大安區信義路四段306號,25.0329619,121.5549091 
3338,台北市內湖區瑞光路302號,25.0764761,121.5742574 
3339,南投縣南投市自強三路18號,23.9243077,120.6675146 
3354,台南市善化區南科九路8號,23.119901,120.277073 
3356,台北市內湖區內湖路一段246號,25.0820347,121.5660979 
3360,台北市內湖區洲子街76號,25.079299,121.571756 
3362,台中市大雅區科雅路33號,24.2256909,120.6286129 
3363,新竹市科學工業園區展業二路十八號,24.7830136,121.0021611 
3372,高雄市高雄加工出口區南二路一號,22.5973182,120.3348684 
3373,新竹科學工業園區新竹縣工業東九路三號,24.7721151,121.008586 
3374,桃園市中壢區吉林路23號,24.9793034,121.2449052 
3376,新北市樹林區俊英街一七四號,25.0076979,121.4265105 
3379,台北市內湖區瑞光路208號,25.075308,121.5764016 
3380,新竹科學工業園區新竹市力行七路8號,24.7737337,121.0138429 
3383,台南市善化區大利三路5號,23.119559,120.273277 
3388,台北市大安區市民大道四段102號,25.0443252,121.550029 
3390,桃園縣龜山鄉南上路522號,25.0448718,121.3090959 
3402,新竹市東華路14號,24.7941282,120.9455169 
3406,台中市大雅區科雅東路一號,24.2245942,120.6300413 
3432,新北市中和區中正路880號,25.0065445,121.4839808 
3434,桃園縣蘆竹鄉大興路20巷21弄11號,25.0784359,121.2969674 
3437,新竹縣湖口鄉新竹工業區工業五路13號,24.8584361,121.0150917 
3438,新竹科學園區新竹市工業東二路17號2樓,24.7775589,121.0069232 
3441,南投縣草屯鎮稻香路6-4號,23.992163,120.684211 
3443,新竹科學工業園區新竹市力行六路十號,24.7739007,121.0155525 
3444,台中市西屯區台灣大道四段767號,24.18039,120.619782 
3450,新北市中和區橋安街35號,25.0051354,121.4921023 
3452,台南市安南區本田路二段498號,23.0360441,120.153485 
3454,新北市中和區連城路192號,24.9968387,121.4922862 
3466,新北市三重區興德路123-1號,25.0531689,121.470889 
3474,桃園市龜山區文化里復興三路667號,25.0384255,121.3736013 
3479,新北市中和區連城路228號,24.9965226,121.4896237 
3481,苗栗縣竹南鎮科學路160號,24.714495,120.918 
3483,新竹縣竹北市新泰路31號,24.840499,121.008417 
3484,桃園市桃園區經國路888號,25.032732,121.30115 
3489,桃園市蘆竹區南崁里民權路50號,25.0359348,121.3012049 
3490,新北市中和區中正路778-1號,25.0005575,121.4853865 
3491,基隆市七堵區工建路1號,25.0870337,121.7027375 
3492,新北市淡水區中正東路二段69號,25.1544227,121.4596624 
3501,台北市內湖區新湖三路196號,25.064949,121.578728 
3504,新竹科學園區新安路7號,24.7816544,120.9981509 
3508,桃園縣大園鄉民生路123-11號,25.0492632,121.193945 
3511,桃園市中正路1351號,24.8670699,121.216618 
3512,新北市五股區五權七路二十號,25.0668939,121.4483292 
3514,苗栗縣竹南鎮科北一路21號,24.708035,120.9128811 
3515,臺北市北投區中央南路二段37號,25.1240113,121.5002795 
3516,桃園市八德區白鷺里廣福路858號,24.9585649,121.2716135 
3518,桃園縣龜山鄉文化一路86-52號,25.0548818,121.3759019 
3519,台北市中山區中山北路三段22號,25.065052,121.522748  
3522,新竹縣竹北市環北路二段50號,24.8484526,121.0171514 
3523,台南市安南區本田路二段391號,23.039003,120.1562295 
3526,台灣省新北市中和區中山路三段102號,25.0061243,121.4767426 
3527,新竹市埔頂路18號,24.7930372,121.0077605 
3528,新北市汐止區新台五路一段75號,25.060764,121.64546 
3529,新竹縣竹北市台元一街5號,24.8415631,121.0181735 
3531,台中市南屯區工業24路22號,24.1601658,120.6057143 
3532,台北市敦化北路201號,25.057112,121.549533 
3533,基隆市安樂區武訓街15號,25.1430924,121.6985874 
3535,新竹縣竹北市環北路二段197號,24.8484526,121.0171514 
3536,台北市敦化北路207號,25.0578464,121.5493278 
3537,台北市中山區中山北路二段129號,25.0614514,121.5231702 
3540,台北市內湖區堤頂大道二段185號,25.077425,121.5691849 
3541,新北市中和區建康路130號,25.0000734,121.489041 
3545,新竹科學工業園區新竹市篤行一路6號,24.7720564,121.0249087 
3546,新北市中和區建八路2號,24.9982759,121.486167 
3548,新北市新莊區五工五路十三號,25.0631779,121.454999 
3550,新北市中和區建八路16號,24.99821,121.486782 
3551,新竹縣湖口鄉仁政路18號,24.868301,121.008903 
3552,桃園市蘆竹區南青路1156巷9號,25.0561329,121.272515 
3556,台北市內湖區瑞光路302號,25.0764761,121.5742574 
3557,高雄市楠梓區楠梓加工出口區中央路40號,22.724067,120.304061 
3558,桃園市龜山區復興三路500號,25.0430289,121.369965 
3559,新竹市科學園區新安路6號,24.7820598,121.0045151 
3561,新竹縣湖口鄉新竹工業區光復北路16號,24.8751155,121.0334106 
3562,新竹市香山區中華路六段620號,24.728021,120.917211 
3563,新竹科學園區工業東二路2之3號,24.7805801,121.00482 
3564,新北市汐止區大同路二段133號,25.064097,121.650734 
3567,新竹縣竹北市新泰路35號,24.8402152,121.0088421 
3570,新北市板橋區縣民大道二段68號,25.012489,121.463222 
3577,新竹縣湖口鄉光復北路111號,24.861996,121.016369 
3579,台北市中山區中山北路三段22號,25.065052,121.522748 
3580,桃園縣蘆竹鄉長興村厚生路51號,25.0784359,121.2969674 
3581,新竹縣新豐鄉精工路53號,24.8759706,120.9994263 
3583,台北市內湖區瑞光路208號11樓,25.075308,121.5764016 
3584,桃園縣中壢市工業區自強一路八號,24.970376,121.245131 
3587,新竹縣竹北市台元街26-2號,24.8415196,121.0125907 
3588,新竹科學工業園區新竹市展業二路18號,24.7830136,121.0021611 
3591,新北市中和區中正路800號,25.0015559,121.485204 
3593,高雄市左營區菜公一路62巷15號,22.6782188,120.3164571 
3605,桃園市中壢區東園路13號,24.9695049,121.2396798 
3607,桃園縣中壢市中正路1274巷48號,24.974165,121.201444 
3609,台中市南屯區精科七路20號,24.1542952,120.594543 
3611,新北市新店區民權路95號,24.9829065,121.5376364 
3615,新竹縣湖口鄉光復北路10號,24.8753482,121.0363845 
3617,台北市南港區成功路一段32號,25.0554959,121.592835 
3622,桃園縣觀音鄉觀音工業區經建五路32號,34.663591,136.477448 
3623,桃園縣龜山鄉華亞三路50號,25.0467806,121.377881 
3624,新竹縣湖口鄉光復北路70號,24.868344,121.018577 
3625,新北市新莊區中正路665號,25.03,121.427916 
3631,桃園縣龜山鄉萬壽路一段161號,25.0182733,121.4071828 
3632,臺北市內湖區港墘路200號,25.0759432,121.5744707 
3642,新北市土城區中央路三段89巷10號,24.966646,121.437906 
3645,新竹縣新埔鎮文德路三段127號,24.8225351,121.0774128 
3646,台北市內湖區瑞光路407號,25.0783051,121.571245 
3652,新北市新店區寶橋路235巷136號,24.983853,121.5523903 
3653,桃園市龜山區文化里19鄰科技一路40號,25.0519075,121.3765499 
3658,新竹市埔頂路18號,24.7930372,121.0077605 
3661,台北市內湖區文湖街12號,25.0856945,121.5609076 
3662,新北市新店區新店路260號,24.9569837,121.5372223 
3665,新北市中和區建八路2號,24.9982759,121.486167 
3666,新竹科學工業園區新竹市力行六路一號,24.7729735,121.0146874 
3669,新北市土城區大安路157號,24.9705422,121.4333127 
3672,新北市汐止區新台五路一段79號,25.0613278,121.6458144 
3673,台北市內湖區民權東路六段13之18號,25.0671668,121.5796059 
3675,新北市深坑區北深路三段155巷17號,25.0027272,121.602112 
3679,新北市新莊區化成路11巷36號,25.04303,121.46501 
3680,新北市土城區中央路四段2號,24.963237,121.4258722 
3682,台北市南港區經貿二路66號,25.0572974,121.6164703 
3684,新北市新店區寶橋路235巷4號,24.9799067,121.5522567 
3691,新竹縣湖口鄉工業一路3號,24.8715641,121.0261666 
3693,桃園縣蘆竹鄉大興路20巷19弄9號,25.0784359,121.2969674 
3694,新北市新店區寶中路94號,24.9798255,121.5489124 
3698,新竹科學工業園區新竹市工業東三路三號,24.77656,121.0062223 
3701,台北市內湖區陽光街300號,25.0727019,121.5749404 
3702,台北市大安區敦化南路二段97號,25.0290929,121.5490091 
3704,新竹科學園區新竹縣創新二路六號,24.7796971,120.995486 
3705,台中市大甲區中山路一段1191號,24.354103,120.630403 
3706,台北市南港區南港路一段209號,25.0549941,121.6113302 
3707,新竹市東區埔頂路18號,24.7930372,121.0077605 
4104,新北市中和區中正路880號,25.0065445,121.4839808 
4105,台北市南港區園區街3-1號,25.0589059,121.6120912 
4106,新北巿土城區民生街九號,24.9606047,121.4137273 
4107,台北市104中山區長安東路一段23號,25.0494821,121.523794 
4108,台北市復興北路167號,25.053869,121.544297 
4109,高雄市前鎮區擴建路1之30號,22.589726,120.302609 
4111,新竹縣湖口鄉新竹工業區實踐路三號,24.8681109,121.017944 
4113,高雄市左營區富國路185號,22.663565,120.306419 
4114,台北市內湖區內湖路一段396號,25.080464,121.573218 
4119,桃園市蘆竹區海湖里16鄰186之2號,25.102333,121.260832 
4121,北市內湖區港墘路189號,25.075672,121.5748567 
4123,台北市南港區園區街3之2號,25.0578399,121.611783 
4126,苗栗縣銅鑼鄉自強路19號,24.4785392,120.7928737 
4127,新北市汐止區大同路一段147號,25.056421,121.631717 
4128,台北市南港區園區街3號,25.0589162,121.6123331 
4129,新竹市科學工業園區園區二路57號,24.775044,121.005618 
4130,新竹縣湖口鄉新竹工業區工業一路一號,24.8701845,121.0265675 
4131,台中市太平區大里工業區工業19路6號,24.1046491,120.7180337 
4133,台北市內湖區洲子街108號,25.0804492,121.5696172 
4137,台北市信義區松仁路107號,25.0343994,121.56843 
4142,427台中市潭子區潭興路一段3號,24.2011334,120.7184886 
4152,台北市南港區園區街3號,25.0589162,121.6123331 
4153,新北市中和區中山路二段351號,25.003209,121.4906348 
4157,台北市內湖區新明路138號,25.057992,121.586719 
4160,台北市內湖區新湖一路36巷28號,25.0588474,121.5745751 
4161,350苗栗縣竹南鎮公館里中華南路188號,24.6858364,120.868759 
4162,台北市民生東路三段10號,25.0576499,121.5388584 
4163,台中市南屯區文山里精科路9號,24.1456107,120.6026446  
4164,台北市中山區長春路366號,25.0544219,121.542579 
4168,新北市汐止區康寧街169巷31之1號,25.0694682,121.6221443 
4171,407台中市西屯區科園二路19號,24.2032263,120.6054043 
4173,新北市中和區中正路872號,25.006331,121.484085 
4174,台北市南港區園區街3號,25.0589162,121.6123331 
4175,桃園縣龜山鄉復興一路108巷1號,25.054769,121.3598245 
4180,114台北市內湖區港墘路221巷41號,25.0732532,121.5750669 
4188,台北市復興北路167號,25.053869,121.544297 
4192,宜蘭縣冬山鄉中山村中山路84號,24.634263,121.748677 
4198,台北市內湖區新湖一路89號,25.0592533,121.5772716 
4205,高雄市大樹區龍目路110-6號,22.6860516,120.4142376 
4207,桃園市蘆竹區南崁路265號,25.0593209,121.272324  
4303,台南市學甲區華宗路121號,23.2222931,120.1840075 
4304,台北市內湖區瑞光路358巷38弄1號,25.076238,121.5721199 
4305,台南市麻豆區麻口里麻豆口32-26號,23.184221,120.221418 
4306,新北市泰山區明志路三段423號,25.033873,121.4210998 
4401,新北市板橋區三民路二段31號,25.0178333,121.4794137 
4402,台中市梧棲區港埠路一段二三七號,24.2304028,120.528125 
4406,台北市長安西路289號,25.052115,121.5093694 
4414,台北市松山區復興北路57號,25.050351,121.544387 
4415,臺北市中正區襄陽路9號,25.0434961,121.5156835 
4416,台北市南京東路二段96號,25.0517929,121.5312876 
4417,屏東縣新園鄉港西村興安路12號,22.5309147,120.4613542 
4419,彰化縣北斗鎮四海路一段1號,23.8663725,120.5519243 
4420,台北市內湖區瑞光路607號,25.0802529,121.5668259 
4426,雲林縣斗六市斗工十二路5號,23.711764,120.595478 
4429,桃園市觀音區樹林村工業六路3號,25.0482939,121.116903 
4430,彰化縣和美鎮彰美路六段334號,24.1180087,120.4938043 
4432,新北市五股區中興路一段6號,25.0723193,121.469496 
4503,彰化市延和里埔內街411巷101號,24.059791,120.5418218 
4506,北市南京東路二段88號,25.0517989,121.532475 
4510,台中市大雅區科雅路16號,24.2249921,120.6284812 
4513,台中市大雅區龍善二街12號,24.2117505,120.6519483 
4523,台北市復興北路99號,25.052848,121.5443515 
4526,高雄市路竹區路科三路三號,22.8346457,120.260239 
4527,高雄市三民區吉林街139巷12號,22.644275,120.305921 
4528,台中市西屯區協和里協和南巷3-1號,24.1607715,120.6117502 
4529,台北市信義區基隆路二段149號,25.0266529,121.5553575 
4530,台北市中山區南京東路二段137號,25.052339,121.535082 
4534,苗栗縣頭份鎮中華路487巷20號,24.674819,120.8900981 
4535,彰化縣伸港鄉全興工業區工八路3號,24.171792,120.5093239 
4536,台中市南屯區工業區20路18號,24.155672,120.6088669 
4541,高雄市路竹區北嶺二路11號,22.8265288,120.2714961 
4542,桃園縣龜山鄉山鶯路華玉巷3號,25.0199092,121.3655989 
4549,新北市土城工業區自強街16號,24.9708009,121.43198 
4550,台北市南港區三重路19-3號,25.056475,121.613665 
4609,中壢市南園路2-20號,24.9674458,121.2411915 
4702,台北市大安區敦化南路二段七十六號,25.02923,121.5481706 
4703,新竹縣竹東鎮工業二路96號,24.7277351,121.096788 
4711,台北市松江路168號,25.0557591,121.5328196 
4712,臺北市松山區民生東路三段134號,25.0574587,121.5468331 
4714,台南市安定區安加里258之26號,23.1135653,120.2382911 
4716,高雄市仁武區後安里永宏巷10號,22.7157098,120.3406631 
4720,新北市五股區五權六路9號,25.0641828,121.449516 
4721,桃園縣觀音鄉草漯村大同一路15號,34.663591,136.477448 
4722,高雄市永安區維新里永工五路2號,22.8093377,120.2520929 
4725,台北市中山北路二段113號,25.1851672,121.4441883 
4726,苗栗縣竹南鎮科東三路8號,24.707059,120.919933 
4728,台南市新市區環東路一段31巷10號,23.0976873,120.2849806 
4739,新竹縣新竹工業區文化路11號,24.8657839,121.011408 
4743,台北市南港區園區街3-1號,25.0589059,121.6120912 
4746,桃園市蘆竹區坑口村和平街36號,25.0927299,121.276683 
4747,新北市三重區三和路四段77號,25.075355,121.490057 
4755,台北市中山北路二段21號,25.053073,121.5228238 
4903,新竹市科學工業園區研新四路12號,24.7774991,120.985927 
4904,台北市敦化南路二段207號,25.0267552,121.5489975 
4905,台北市內湖區瑞光路108號3樓,25.0719735,121.5808789 
4906,新竹縣湖口鄉新竹工業區中華路15-1號,24.8719188,121.008987 
4907,台中市西屯區市政北二路236號,24.1634312,120.6377119 
4915,台北市內湖區瑞光路669號,25.080951,121.565464 
4916,320桃園市中壢區東園路67之1號,24.9820403,121.239579 
4919,新竹科學工業園區研新三路4號,24.7806699,120.9906294 
4924,台北市大同區承德路一段70之1號,25.052279,121.517206 
4927,台北市松山區敦化北路205號,25.0574191,121.5494823 
4930,台北市內湖區堤頂大道一段333號,25.0631504,121.5731922 
4933,桃園市大溪區仁善里松樹21-9號,24.9195671,121.2892153 
4934,桃園市中壢區復興里中壢工業區自強一路5號,24.9697039,121.2442715 
4935,桃園市中壢區民權路三段1149號,24.992787,121.2090603 
4938,台北市北投區立功街76號,25.1255626,121.4696585 
4942,桃園市蘆竹區南山路二段205巷45號,25.0641182,121.2853823 
4944,新竹科學工業園區苗栗縣竹南鎮科北五路8號,24.711603,120.9158775 
4946,台北市內湖區瑞光路583巷31號,25.0808091,121.5679263 
4947,新北市新店區寶橋路235巷130之3號,24.9836429,121.5521007 
4950,台北市大安區敦化南路二段76號,25.02923,121.5481706 
4952,新竹市科學工業園區工業東四路19號,24.7746589,121.0086167 
4953,台北市內湖區瑞光路302號,25.0764761,121.5742574 
4956,台南市新市區創業路2號,23.0982174,120.2839409 
4958,桃園市大園區三石里三和路28巷6號,25.0717945,121.2565364 
4960,台南市善化區木柵港西路13號,23.1067002,120.259076 
4976,台中市潭子區建國路24號,24.2184591,120.7032258 
4979,桃園市中壢區合江路6號,24.9835465,121.2469476 
4987,新北市中和區建康路168號,24.999821,121.490661 
4994,台北市信義區東興路45號,25.0481469,121.5660421 
4995,新北市新店區寶橋路235巷137號,24.9842126,121.5519781 
4999,新北市汐止區康寧街169巷29-1號,25.06912,121.6226035 
5007,台南市歸仁區南興里中山路三段355-6號,22.9686055,120.2772343 
5009,台南市新營區新中路35號,23.30148,120.276558 
5011,高雄市橋頭區芋林路299號,22.7646489,120.2834863 
5013,台南市722佳里區海澄里萊芊寮12-19號,23.1781101,120.1675902 
5205,台北市北平東路16號,25.0459983,121.5245106 
5206,台中市西屯區文心路二段201號,24.1597314,120.647302 
5209,台北市中山北路六段89號,25.1057261,121.524397 
5210,台北市松山區八德路二段358號,25.0478308,121.5456501 
5211,新竹市光復路二段二巷47號,24.7936782,121.0061954 
5212,新竹縣竹北市台元一街8號,24.8420695,121.0174954 
5213,台北市松山區敦化南路一段25號,25.046365,121.5492767 
5215,新北市中和區連城路168號,24.9974419,121.4935161 
5227,桃園縣八德市豐田路68號,24.9274876,121.2899601 
5230,新北市中和區板南路655號,25.0078233,121.4840186 
5255,新北市中和區中正路716號,24.997304,121.4856 
5259,新竹縣湖口鄉成功路1300號,24.8887008,121.0190931 
5263,高雄市前鎮區復興四路9號,22.6048922,120.3000755 
5264,台北市北投區立德路120巷11號,25.1266209,121.472664 
5269,新北市新店區民權路115號,24.9828665,121.5363202 
5272,30078新竹科學工業園區力行一路一號,24.7739516,121.0177467 
5274,新竹市科學園區工業東四路15號,24.7750921,121.007576 
5278,台北市大安區羅斯福路三段37號,25.023582,121.5252688 
5284,台北市中山區松江路152號,25.0542589,121.5328528 
5285,高雄市楠梓加工出口區中央路43號,22.7225962,120.3040749 
5291,桃園市龜山區山鶯路中華巷2號,24.9835608,121.3291659 
5301,台北市中山區長安東路二段112號,25.048159,121.535716 
5302,台北市內湖區瑞光路358巷30弄1號,25.0765043,121.5723424 
5304,新北市土城區中央路四段51號,24.9594695,121.4194456 
5305,新北市新店區寶橋路233~2號,24.979477,121.5518629 
5306,台南市永康區中華路425號,23.009984,120.232689 
5309,台北市內湖區堤頂大道一段1號,25.0563114,121.5740834 
5310,台北市中山北路三段27號,25.0651661,121.5223586 
5312,新北市汐止區新台五路一段81號,25.0610649,121.646158 
5314,新竹科學工業園區新竹市工業東四路24-2號,24.774764,121.00666 
5321,桃園縣桃園市龜山工業區興邦路34號,24.982849,121.323928 
5324,台北市中山北路六段九十號,25.1050469,121.5250158 
5328,高雄市大寮區鳳屏一路37號,22.6321899,120.3864534 
5340,桃園縣楊梅市民豐路277號,24.9317778,121.1171271 
5344,新竹市科學園區力行五路9號,24.7651431,121.019191 
5345,桃園縣中壢市環北路400號,24.9656553,121.2265443 
5347,新竹科學園區新竹縣園區三路123號,24.7755569,120.9964335 
5348,新竹市科學工業園區力行一路一之二號,24.7718083,121.0185227 
5349,桃園縣觀音鄉觀音工業區經建一路16號,34.663591,136.477448 
5351,新竹科學園區科技五路六號,24.783813,121.004692 
5356,新北市三重區重新路五段609巷4號,25.045428,121.467963 
5364,台北市中山區松江路162號,25.0553841,121.5327937 
5371,新竹科學工業園區新竹市東區力行路11號,24.767885,121.027627 
5381,桃園縣中壢市中壢工業區東園路38-1號,24.976648,121.240482 
5383,桃園市平鎮區平鎮工業區工業五路四號,24.9006943,121.1981667 
5384,台北市內湖區瑞光路66巷36號,25.0701073,121.5813009 
5386,新北市中和區中正路716號,24.997304,121.4856 
5388,台北市園區街3-1號,25.0589059,121.6120912 
5392,台北市復興北路101號,25.0530735,121.5443476 
5395,台北市基隆路一段333號,25.0344173,121.5608141 
5398,新北市中和區建康路176號,25.0000043,121.4903946 
5403,台北市內湖區行愛路151號,25.0647251,121.5797028 
5410,臺北市內湖區陽光街298號,25.0727336,121.5750706 
5425,新北市新店區北新路三段205號,24.9849239,121.540042 
5426,新北市三重區光復路二段二十五號,25.0548189,121.472476 
5432,台北市內湖區行忠路42號,25.065289,121.578332 
5434,台北市內湖區堤頂大道二段483號,25.082406,121.5620834 
5438,桃園市觀音區金湖里中山路一段1568-1號,25.017025,121.118705 
5439,桃園市桃園區興邦路43巷3號,24.9798424,121.3276213 
5455,新竹縣竹東鎮學府路442號,24.759103,121.0515847 
5457,桃園市龜山區民生北路一段568號,25.043914,121.2976304 
5460,新北市新莊區民安路429巷1號,25.0230874,121.4337533 
5464,嘉義縣民雄鄉福樂村中山路6號,23.523257,120.447815 
5465,桃園市經國路859號,25.0304299,121.300316 
5468,新竹縣科學工業園區研發一路3號,24.7734321,121.000941 
5469,桃園縣觀音鄉樹林村工業四路9號,34.663591,136.477448 
5471,新竹縣竹北市台元街36號10樓之1,24.8428815,121.0170381 
5474,臺北市忠孝東路二段88號18樓,25.0430627,121.5292847 
5475,桃園市楊梅區楊湖路二段718號,24.9141358,121.1032859 
5481,中壢市忠福里工業區自強四路八號,24.9731556,121.2297268 
5483,新竹市科學工業園區工業東二路八號,24.7777102,121.0060048 
5484,新北市汐止區新台五路一段79號,25.0613278,121.6458144 
5487,新北市中和區建一路166號,24.9978091,121.4874585 
5488,桃園市龜山區大華里頂湖五街三號,25.0405161,121.3653257 
5489,台北市內湖區洲子街116號,25.0806971,121.5690429 
5490,新竹縣科學園區工業東九路三十號,24.7735929,121.0050966 
5491,新北市新店區寶興路45巷9弄2號,24.9749042,121.5496532 
5493,台北市大安區復興南路一段390號,25.0337719,121.543272 
5498,桃園縣桃園市大林里21鄰興邦路32號,24.9836915,121.3235084 
5508,高雄市新興區六合路183號,22.632089,120.314101 
5511,台中市北區五常里五權路401-1號,24.153157,120.681567 
5512,104台北市中山區吉林路99號,25.0559669,121.5301759 
5514,台北市長安東路二段173號,25.048336,121.5423048 
5515,台北市敦化南路二段67號,25.0307094,121.5491898 
5516,新竹市民族路186號,24.8093327,120.9796765 
5519,高雄市前鎮區民權二路380號,22.61065,120.314083 
5520,台北市士林區延平北路七段七號,25.0945127,121.4969326 
5521,台北市市民大道四段102號,25.0443252,121.550029 
5522,台北市信義區松高路1號,25.0396333,121.5642112 
5530,台北市松山區敦化北路150號,25.054555,121.548452 
5531,台中市西區台灣大道二段408號,24.155198,120.664012 
5533,台北市敦化南路一段294號,25.0361154,121.5482165 
5534,台北市北平東路30號,25.0456678,121.52604 
5536,台中市南區忠明南路787號,24.1234339,120.66093 
5538,高雄市岡山區中山北路140號,22.797152,120.298535 
5601,基隆市七堵區堵南里三合街二號,25.0788031,121.6898304 
5603,新北市汐止區大同路二段171-1號,25.0640694,121.6514195 
5604,台中市西屯區工業區一路7號,24.1821392,120.6151296 
5607,台北市信義區松高路1號,25.0396333,121.5642112 
5704,台東縣卑南鄉溫泉村龍泉路113巷23號,22.691755,121.006975 
5706,台北市長安東路一段25號,25.0494214,121.5240397 
5820,台北市中山區南京東路二段85號,25.0522382,121.5317167 
5871,台北市內湖區瑞光路362號,25.0772522,121.5723687 
5878,臺北市館前路49號,25.0448979,121.5151541 
5880,台北市中正區館前路77號,25.0436707,121.5151857 
5902,台北市信義區松高路9號,25.0396106,121.564697 
5902,台北市信義區松高路9號,25.0391084,121.5664526 
5903,台北市中山北路二段61號,25.05615,121.522996 
5904,台南市民族路三段74號,22.9982993,120.1979737 
5905,屏東縣滿州鄉中山路205號,22.0261543,120.8322608 
6020,台北市大同區承德路一段17號,25.0500839,121.5170461 
6021,臺北市民生東路二段一七四號,25.057656,121.5356332 
6022,高雄市三民區壽昌路93號,22.6427162,120.3335732 
6023,台北市中山區南京東路三段225號,25.0521001,121.5436647 
6024,台北市大安區敦化南路二段97號,25.0290929,121.5490091 
6101,桃園縣平鎮市平鎮工業區工業三路13號,24.904146,121.1996062 
6103,新竹巿科學工業園區園區二路11號,24.7794561,120.999099 
6104,新北市新店區北新路三段205號,24.9849239,121.540042 
6105,新北市樹林區博愛街242號,24.9842879,121.4246567 
6107,高雄市橋頭區西林里芋林路305號,22.764854,120.2831401 
6111,台北市基隆路一段200號,25.0401913,121.5635556 
6112,台北市114內湖路一段516號,25.0802201,121.5740763 
6113,台北市內湖區洲子街58號,25.079214,121.572447 
6114,台北市內湖區陽光街365巷39號,25.0713211,121.5773298 
6115,桃園縣龜山鄉大崗村頂湖路50號,25.0199092,121.3655989 
6116,台北市信義區松智路1號,25.0384776,121.5658535 
6117,桃園縣龜山鄉南上路350巷57號,25.0456482,121.3119825  
6118,新北市新店區中正路531號,24.985766,121.532805 
6120,台中市大雅區民生路三段313巷45號,24.234598,120.66052
6121,新竹縣湖口鄉八德路二段471號,24.8856423,121.0790532 
6123,台北市內湖區瑞光路76巷33號,25.070492,121.581197 
6124,臺北市南港區三重路19-13號,25.058303,121.613953 
6125,新北市瑞芳鎮瑞芳工業區頂坪路69號,25.0988757,121.7901586 
6126,新竹縣湖口鄉中正路二段209號,24.8923763,121.0505016 
6127,桃園縣平鎮市平東路一段160號,24.912722,121.233029 
6128,台中市梧棲區自強路50號,24.2349206,120.5283684 
6129,新北市新店區寶橋路233-1號,24.979477,121.5518629 
6130,台北市大安區復興南路一段209號,25.0393775,121.5439552 
6131,新北市中和區立德街199號,25.0092465,121.4843432 
6133,新北市深坑區北深路三段270巷6號,25.0050549,121.5984779 
6136,新北市新店區寶強路6-3號,24.9790401,121.5432366 
6138,新竹市科學工業園區篤行一路6號,24.7720564,121.0249087 
6139,新北市汐止區大同路一段175號,25.057172,121.6326961 
6140,台北市中山區建國北路二段147號,25.061625,121.537513 
6141,台北市大安區基隆路二段一一二號,25.0291493,121.5569768 
6142,台北市內湖區新湖一路276號,25.0623261,121.5821236 
6143,新竹縣竹北市博愛街945號,24.8463991,121.0202106 
6144,台北市民權西路53號,25.0630067,121.5205425 
6145,新北市土城區中央路四段49號,24.9616077,121.4222573 
6146,新北市汐止區新台五路一段106號,25.060449,121.648859
6150,新北市汐止區新台五路一段79號,25.0613278,121.6458144 
6151,桃園市大園區南港里許厝港29-45號,25.0592925,121.1825672 
6152,桃園市中壢區東園路69號,24.9823461,121.239494 
6153,新北市樹林區博愛街248號,24.9850038,121.4233061 
6154,高雄市三民區建國二路2號,22.6374277,120.3133895 
6155,桃園市平鎮區南豐路269號,24.8998807,121.1995017 
6156,桃園縣楊梅市高上里高獅路740巷6號,24.9280944,121.1647603 
6158,桃園市興華路9號,24.979096,121.324935 
6160,台北市大安區敦化南路二段333號,25.022086,121.5491166 
6161,新北市新店區北新路三段207號,24.984672,121.539857 
6166,新北市中和區建一路166號,24.9978091,121.4874585 
6167,台中市西屯區工業區六路八號,24.170185,120.606916 
6168,新竹市中華路五段522巷18號,24.7732559,120.9177453 
6169,台北市南港區園區街3-2號,25.0578399,121.611783 
6170,台北市內湖區安美街181號,25.0601808,121.6013332 
6171,台中市西屯區台灣大道四段839號,24.181067,120.618641 
6172,新竹市水利路21號,24.8042888,121.0063323 
6173,桃園市楊梅區高獅路566-1號,24.9256968,121.1541191 
6174,台中市潭子區建國路11-3號,24.2184894,120.7021941 
6175,苗栗縣銅鑼鄉中隆二路9號,24.4962468,120.799056 
6182,桃園縣龍潭鄉龍園一路100號,24.8444927,121.2053963 
6183,台北市南港區三重路19-13號,25.058303,121.613953 
6184,新北市土城區中華路二段207號,24.973555,121.4380168 
6185,新北市土城區自強街11巷1號,24.970205,121.4300467 
6186,台北市松山區基隆路一段8號,25.0507364,121.5698102 
6187,高雄市路竹區路科十路1號,22.8409456,120.2592653 
6188,桃園市龜山區文化二路188號,25.0497579,121.373356 
6189,臺北市內湖區環山路一段32號,25.085592,121.564886 
6190,桃園縣中壢市北園路17號,24.977206,121.241949 
6191,新北市新店區民權路48-3號,24.983076,121.5395117 
6194,桃園市桃園區新埔六街101,25.0149572,121.3023041 
6195,新北市新莊區新北大道二段312號,25.0612054,121.4654203 
6196,台北市南港區園區街3-2號,25.0578399,121.611783 
6197,新北市中和區建一路176號,24.9975251,121.4874595 
6198,台北市內湖區瑞光路258巷2號,25.075303,121.5755845 
6199,桃園市平鎮區洪圳路385-3號,24.904201,121.248963 
6201,台南市安定區中沙里沙崙35號,23.095298,120.2166519 
6202,新竹市科學工業園區研新二路三號,24.7791738,120.9895534 
6203,台北市內湖區內湖路一段360巷19號,25.080693,121.57071 
6204,桃園市中正路1221號,25.019835,121.2966146 
6205,新北市汐止區大同路三段194號,25.0739929,121.674569 
6206,台北市內湖區行愛路168號,25.0646718,121.5795101 
6207,高雄市前鎮區新生路二四八之三十九號,22.5761761,120.318765 
6208,台南市安南區工明南二路106號,23.0598872,120.2042868 
6209,台中市梧棲區向上路九段562巷91號,24.2241405,120.5225407 
6210,桃園縣中壢市松江北路24號,24.997024,121.249129 
6211,桃園縣中壢市中園路198號,24.9867598,121.2395253  
6212,新竹市公道五路二段419號,24.8037005,120.9959498  
6213,新竹縣新埔鎮大魯閣路17號,24.8496061,121.0908329 
6214,台北市內湖區瑞光路318號,25.0765969,121.5735621 
6219,台中市西區大隆路20號,24.1553034,120.655043 
6220,桃園市新屋區中山東路二段130巷12-9號,24.9714127,121.1322381 
6221,新竹市光復路二段289號,24.8000966,120.9895516 
6222,新北市汐止區中興路34號,25.0601079,121.636762 
6223,302新竹縣竹北市中和街155號,24.8492771,121.0078666 
6224,新竹科學園區工業東四路24之1號,24.774764,121.00666 
6225,新竹科學工業園區新竹縣園區二路58號,24.7740607,121.0072192 
6226,新北市中和區建一路93巷1號,25.0021696,121.4880561 
6227,新北市新店區北新路三段207-2號,24.984672,121.539857 
6228,新北市汐止區大同路一段239號,25.0578893,121.6349515 
6229,新北市汐止區康寧街169巷29-1號,25.06912,121.6226035 
6230,新北市三重區興德路123-1號,25.0531689,121.470889 
6231,台北市中山區民生東路二段161號,25.0581247,121.5363956 
6233,台北市南港路三段48號,25.0545852,121.5918815 
6234,台中市437大甲區日南里工七路1號,24.408146,120.651716 
6235,桃園市平鎮區太平東路1號,24.904807545115396,121.25013010017778  
6236,台北市承德路一段17號,25.0500839,121.5170461 
6237,台北市市民大道四段100號,25.0445568,121.5499098 
6238,台北市中山區中山北路一段27號8樓,25.0487435,121.5213672 
6239,新竹縣湖口鄉新竹工業區大同路10號,24.8685156,120.9975994 
6240,臺北市忠孝西路一段50號,25.0463869,121.5158397 
6241,台北市114內湖區行愛路77巷63號,25.0636339,121.5829005 
6242,台南巿永康區王行里環工路29號,23.0459711,120.274395 
6243,新竹科學園區新竹市展業一路9號,24.7837032,121.0010221 
6244,新北市深坑區北深路三段248號,25.0044314,121.5999607 
6245,新北市汐止區大同路二段173號,25.0640846,121.6514691 
6246,新北市五股區五股工業區五工二路126號,25.0704119,121.4549825 
6247,新北市中和區員山路512號,25.0091877,121.4792977 
6248,台北市內湖區行愛路77巷61號,25.0634552,121.582889 
6250,新北市中和區中山路三段110號,25.0064441,121.4765214 
6259,台北市內湖區瑞湖街199號3樓,25.0677073,121.5766526 
6261,新竹市科學工業園區科技路5號,24.7828701,121.0046136 
6263,新北市新店區民權路96號,24.9830178,121.5366928 
6264,台北巿士林區中山北路五段453號,25.0915872,121.5274162 
6265,新北市新店區寶中路92號,24.9800863,121.548756 
6266,新竹市牛埔東路480號,24.795046,120.9408069  
6269,高雄市大寮區大發工業區莒光一街23號,22.5807863,120.4227636 
6271,台北市延平南路83號,25.0435579,121.510795 
6274,新竹縣竹北市博愛街803號,24.844398,121.01734 
6275,高雄市仁武區鳳仁路329號,22.7139049,120.3369467 
6281,新北市五股工業區五工六路55號,25.0685724,121.4471778 
6282,新北市淡水區淡金路三段159號,25.202569,121.4476529 
6283,新北市中和區員山路504號,25.0082527,121.4795978 
6284,苗栗縣竹南鎮公義里11鄰科義街11號,24.7262979,120.9097169 
6285,新竹科學工業園區園區二路20號,24.7779346,120.999782 
6286,新竹縣竹北市台元一街8號,24.8420695,121.0174954 
6287,新竹科學工業園區新竹市研發二路18號,24.7788061,121.002562 
6289,新竹縣湖口鄉鳳山村光復北路119號,24.8600149,121.014661 
6290,台北市長安東路一段36號,25.048577,121.5265346 
6291,新竹科學工業園區力行一路一號,24.7739516,121.0177467 
6404,台北市信義區忠孝東路五段508號,25.040993,121.578679 
6405,桃園縣中壢市北園路18號,24.977942,121.242819 
6409,台北市內湖區新湖一路151號,25.0584465,121.5774714 
6411,新北市中和區中正路736號,24.997785,121.485523 
6412,新北市五股區五權五路2號,25.0631982,121.4500843 
6414,新北市中和區建康路10號,25.000225,121.485949 
6415,新北市中和區板南路663號,25.007915,121.4838306 
6419,新北市新店區北新路三段207-1號,24.984672,121.539857 
6422,新北市土城區忠承路105號,24.9649351,121.4382879 
6426,台南市新市區南科三路7號,23.0977072,120.2759032 
6449,苗栗縣竹南鎮公義里科義街11號,24.7262979,120.9097169 
6451,台北市信義區光復南路495號,25.0324176,121.5575934 
6452,臺北市信義區基隆路一段333號,25.0344173,121.5608141 
6456,苗栗縣竹南鎮科中路16號,24.7131201,120.915167 
6457,台北市士林區承德路四段172號,25.0864369,121.522696 
6504,高雄市橋頭區筆秀里筆秀路88號,22.7682156,120.3083172 
6505,台北市敦化北路201號,25.057112,121.549533 
6506,南投縣南投市南崗工業區永興路3號,23.9377588,120.6630707 
6508,台南市麻豆區苓子林17-10號,23.18429,120.233437 
6509,高雄市大寮區潮寮里華東路28號,22.5736964,120.4329759 
6609,桃園縣平鎮市延平路三段505號,24.930509,121.197163 
6702,台北市內湖區堤頂大道一段9號,25.0597575,121.5733385 
6803,台北市內湖區行善路132號,25.0578039,121.577625 
8011,新北市新莊區五權三路12巷3號,25.063008,121.453187 
8016,新竹縣竹北市台元一街5號,24.8415631,121.0181735 
8021,新北市樹林區佳園路三段203號,24.9472124,121.385834 
8024,新竹市光復路二段295號,24.7999068,120.9891533 
8027,高雄市燕巢區橫山路六十一號,22.7648917,120.3751177 
8032,新北市汐止區新台五路一段79號,25.0613278,121.6458144 
8033,台中巿工業區六路七號,24.171955,120.60812 
8043,台北市內湖區內湖路一段316號,25.081577,121.5694678 
8044,台北市敦化南路二段105號,25.0284459,121.549215 
8046,桃園縣蘆竹鄉南崁路一段338號,25.0784359,121.2969674 
8047,新北市汐止區福德二路236號,25.0651049,121.628255 
8048,台北市南港路三段50巷1號,25.0548502,121.5916757 
8049,新北市汐止區新台五路一段116號,25.060525,121.649446 
8050,台北市南港區園區街3-1號,25.0589059,121.6120912 
8053,新竹科學工業園區新竹市研新四路六號,24.780385,120.988999 
8054,臺北市南港區經貿二路66號,25.0572974,121.6164703 
8059,新北市土城區中山路64號,24.968965,121.431528 
8064,台南市新市區南科六路9號,23.1050968,120.27832149 
8066,臺北市內湖區新湖一路86號,25.0592533,121.5772716
8067,新北市三重區新北大道二段260號,25.0613689,121.4668827
8068,新北市新店區中正路531-1號,24.985766,121.532805 
8069,新竹市科學工業園區力行一路3號,24.768475,121.017395 
8070,高雄市楠梓加工出口區東七街16號,22.7250029,120.306958 
8071,台北縣汐止市康寧街169巷27號,25.0688749,121.6226427 
8072,台北市南港區三重路19-11號,25.0580859,121.613934 
8074,台南市佳里區海澄里萊芊寮12-27號,23.1781101,120.1675902 
8076,新北市汐止區新台五路一段七十五號,25.060764,121.64546 
8077,臺北市中山區南京東路二段69號,25.0522712,121.5305436 
8079,新竹縣新竹工業區光復南路34號,24.861461,121.019859 
8080,台北市南港區重陽路四五一號,25.0594639,121.61015 
8086,台南市新市區大利一路6號,23.1057579,120.2804916 
8087,新北市汐止區大同路二段165號,25.0640152,121.6512709 
8088,台北市內湖區成功路五段460號,25.0741127,121.6066108 
8091,新竹巿香山區牛埔南路221號,24.791291,120.931428 
8092,高雄市鳳山區鎮北里鎮北北巷20-16號,22.6440875,120.3720607 
8093,桃園市經國路888號,25.032732,121.30115 
8096,台北市南港區園區街3-2號,25.0578399,121.611783 
8097,新北市樹林區博愛街236號,24.9888597,121.4243972 
8099,台北市中山北路三段22號,25.0646128,121.5215978  
8101,台北市內湖區瑞湖街58號,25.074163,121.5756608 
8354,南投縣南投市工業路29號,23.925338,120.661566 
8358,台北市內湖區瑞光路392號,25.0778123,121.5713551 
8374,新北市三重區光復路一段83巷7號,25.050103,121.473388 
8383,桃園縣蘆竹鄉南崁路一段99號,25.0784359,121.2969674 
8390,新竹市西濱路六段五九九號,24.7389342,120.910499 
8401,台中市太平區祥順路一段116號,24.1360976,120.7162389 
8403,桃園市經國路168號,25.0163128,121.3060498 
8406,台中市大雅區中科路6號,24.2085288,120.6188421 
8409,台北市內湖路一段516號,25.0802201,121.5740763 
8410,台南市安南區科技五路85號,23.0421313,120.1394567 
8926,台北市內湖區瑞光路392號,25.0778123,121.5713551 
8927,新北市板橋區新海路137號,25.023513,121.460445 
8928,高雄縣大寮鄉光明路一段121巷53號,22.5651237,120.4140574 
8929,台北市中正區忠孝東路二段130號,25.042371,121.531806 
8930,台南市官田區二鎮里工業路九號,23.2052737,120.3221942 
8931,桃園縣大園鄉北港村14鄰港仔嘴2-6號,25.0492632,121.193945 
8932,台北市內湖區洲子街196號,25.0814641,121.5662537 
8933,台中市梧棲區港埠路一段497號,24.232751,120.5285548 
8934,台北市信義區信義路四段460號,25.0328615,121.5590412 
8935,台中市潭子區豐興路二段龍興巷23-6號,24.2141116,120.7376617 
9929,台北市松山區八德路四段三一九號,25.0492668,121.5669744 
9930,高雄市前鎮區成功二路88號,22.6047359,120.301679 
9931,高雄市鹽埕區大義街56號,22.6207544,120.2859796 
9933,台北市中山北路六段89號,25.1057261,121.524397 
9934,台中市潭子區建國路22號,24.2184591,120.7032258 
9935,彰化縣福興鄉沿海路四段三七三號,24.0369349,120.4204595 
9937,台北市羅斯福路六段140號,24.9961809,121.540847 
9938,彰化縣和美鎮好修里和港路575號,24.132388,120.4892734 
9939,台中市工業區2路6號,24.1693913,120.6067665 
9940,台北市信義區信義路五段100號,25.032547,121.565576 
1611,台北市忠孝東路二段9號,25.044028,121.527395
1612,桃園縣蘆竹鄉蘆竹村南工路二段500號,25.054045525722135,121.27474424124762
1613,台北市民生東路三段129號,25.057911,121.5476989
1701,北市中正區襄陽路二十三號,25.0435247,121.5152448
1720,台南市新營區土庫里土庫6-20號,23.320672,120.336692 
1732,新竹縣湖口鄉勝利村實踐路19號,24.8664272,121.01620170000001 
1781,新北市中和區建一路186號,24.9970167,121.48745469999994
1783,新北市五股區五權八路17號,25.067098,121.44720940000002
1784,台北市內湖區新湖一路36巷28號,25.0588474,121.57457509999995
1785,台南市安南區工業三路1號,23.0307345,120.15865350000001 
1786,高雄市前鎮區高雄加工出口區南六路9號,22.591185,120.29458799999998 
1810,台北市內湖區行善路398號,25.063107,121.5845693
1813,桃園縣大園鄉南港村許厝港29號,25.056401,121.181082 
1815,雲林縣斗六市榴南里斗工十六路8號,23.7097463,120.59624529999996 
2033,台南市永康區鹽行里中正北路三一七巷十六號,23.0411855,120.2380852 
2034,彰化縣溪州鄉舊眉村中山路四段二七０號,23.8632951,120.50842809999995 
2035,高雄市小港區沿海二路四號,22.545122,120.370323 
2038,高雄市小港區沿海二路12號,22.550655,120.365657
2049,台中市南屯區文山里精科路7號,24.145920,120.602098 
2104,台北市中山北路二段113號,25.060525,121.523182
2105,彰化縣大村鄉黃厝村美港路215號,23.983039,120.575974 
2106,彰化縣員林鎮中山路一段一四六號,23.943805,120.563273 
2107,臺北市漢口街一段82號,25.045109,121.512175 
2228,新北市汐止區新台五路一段98號19樓,25.060393,121.648377
2230,台南市官田區二鎮里實踐街10號,23.204092,120.325114 
2231,彰化縣福興鄉番婆村彰鹿路六段546巷6號,24.052048,120.457940 
2233,台中市梧棲區經二路59號,24.239731,120.510559
2314,新竹市科學園區創新二路一號,24.780618,120.996628
2316,高雄市楠梓加工出口區開發路37號,22.720963,120.302717 
2317,新北市土城區自由街2號,24.966097,121.421374 
2321,新竹市科學園區研發二路23號,24.779661,121.000567 
2338,新竹市科學園區創新一路十一號,24.775118,120.998124 
2340,新竹科學園區創新一路8號,24.775779,120.998777 
2342,新竹市科學工業園區研新一路一號,24.775093,120.990038 
2344,台中市大雅區科雅一路八號,24.211124,120.618666 
2356,北市後港街六十六號,25.085712,121.522038 
2357,台北市北投區立德路15號,25.124526,121.471368 
2358,台中市南屯區文心路一段218號23樓之1,24.142453,120.646827 
2371,台北市中山北路三段22號,25.064603,121.521619 
2385,新北市五股區五工六路25號,25.062853,121.448571 
2387,台中市大雅區昌平路四段475號,24.221370,120.669269 
2388,新北市新店區中正路535號,24.985775,121.533354
2406,新竹縣湖口鄉工業一路3號,24.871554,121.026177 
2433,台北市健康路156號,25.053597,121.557142
2448,新竹科學工業園區新竹市力行五路5號,24.763981,121.019706 
2449,新竹市公道五路二段81號,24.797696,121.007346 
2450,新北市新店區中正路531號,24.985766,121.532816
2451,台北市內湖區行忠路70號,25.066436,121.580504 
2453,台北市峨眉街115號,25.044423,121.503633 
2465,新北市中和區建一路166號,24.997799,121.487448
2466,新北市中和區建八路2號,24.998276,121.486167
2481,高雄市岡山區岡山北路24號,22.808976,120.284396 
2482,新北市土城區自強街15巷1號,24.969133,121.428812
2514,台中市西區臺灣大道二段220號,24.152305,120.668590
2718,桃園市桃園區大興路269號,25.016546,121.316034 
2719,台北市內湖區堤頂大道一段333號,25.063131,121.573181 
2722,屏東縣恆春鎮省北路40巷2弄15號,22.009278,120.743738 
2845,台北市敦化南路二段207號,25.026746,121.548958
2847,臺北市信義路五段2號,25.032849,121.559701
3022,新北市汐止區中興路29號,25.061549,121.634782 
3023,苗栗市國華路582號,24.574945,120.818046 
3024,桃園市中壢區中園路198號,24.986779,121.239525 
3035,新竹科學工業園區力行三路5號,24.768826,121.020211 
3036,新北市中和區中正路738號,24.998015,121.485581
3048,台北市內湖區基湖路10巷50號,25.082045,121.563481
3049,台南市善化區北園一路7號,23.122496,120.267124 
3050,桃園市龜山區華亞二路222號,25.046895,121.374807
3064,新北市三重區興德路111-1號,25.053350,121.471435
3066,台北市信義路四段306號,25.032972,121.554898
3067,台北市東興路59號,25.047457,121.566707
3092,台北市內湖區行愛路169號,25.065168,121.579482 
3169,新竹科學工業園區新竹市新安路8號,24.781461,121.004334 
3171,新北市泰山區明志路三段423號,25.033861,121.421094 
3176,台北市南港區園區街3號,25.058877,121.612312
3217,新竹市牛埔南路15之3號,24.795523,120.941401
3218,台北市南港區園區街3-1號,25.058925,121.612091 
3219,台北市中正區重慶南路一段66之1號,25.043622,121.513035 
3236,桃園縣楊梅鎮水美里楊湖路一段422號,24.912322,121.132656 
3252,臺中市西區民龍里大和路22號,24.150374,120.668652 
3416,新北市三重區興德路111-6號,25.053340,121.471414 
3419,新竹市公道五路二段326號,24.802600,120.999085 
3428,彰化縣和美鎮全興工業區工東三路8-2號,24.153725,120.515628 
3431,新竹科學工業園區新竹縣創新一路1-1號,24.772497,121.002275 
3455,新北市中和區連城路268號,24.996472,121.486386
3465,桃園市八德區廣福路770巷61號,24.962393,121.279594 
3494,新北市新店區北新路三段225號,24.984517,121.540994
3498,桃園市大園區溪海里8鄰聖德北路68號,25.039141,121.194288 
3499,新北市中和區建一路186號,24.997026,121.487455 
3520,臺北市內湖區內湖路一段118號,25.083180,121.563125
3521,新北市中和區建一路186號,24.997026,121.487455
3553,新竹科學工業園區新竹市力行一路10-2號,24.771207,121.016963
3555,新竹市科學園區篤行一路10號,24.773031,121.023908 
3573,桃園市平鎮區工業五路12號,24.903201,121.197649 
3576,新竹科學工業園區新竹市力行三路7號,24.772882,121.020947 
3594,新北市中和區中正路700號,24.996718,121.485733
3596,新竹市東區光復路二段8號,24.791339,121.004422 
3598,新竹縣竹北市台元街38號,24.842398,121.017617
3628,新北市新店區寶高路7巷3號,24.978098,121.551463 
3629,苗栗縣竹南鎮大厝里大厝61-2號,24.672206,120.875732 
3630,台中市外埔區甲東路37號,24.341234,120.637291 
3663,高雄市路竹區路科八路1號,22.836853,120.259226
3685,台中市西屯區臺灣大道三段660號,24.170641,120.637607
3686,桃園縣觀音鄉大潭村環南路599號,25.038215,121.071506 
3687,台北市南港區三重路19之2號,25.056360,121.613834
3689,桃園市桃園區同德十一街58號,25.020921,121.296646
4102,台中市大甲區日南里幼獅路59號,24.403359,120.654603 
4103,台北市內湖區瑞光路431號,25.078669,121.570484
4120,台北市大安區復興南路一段368號,25.034960,121.543271
4138,新北市中和區中正路872號,25.006331,121.484064 
4413,台北市北投區大業路166號,25.125162,121.499043
4433,新北市新莊區五權二路10號,25.064421,121.455607
4502,彰化縣線西鄉彰濱東一路3號,24.128075,120.434363 
4532,桃園縣觀音鄉成功路二段943號,25.042997,121.106554 
4533,桃園市龜山區南上路446號,25.044820,121.305488 
4706,台北市南港區八德路四段778號,25.050420,121.580272
4707,台北市新生南路一段50號,25.041627,121.532442 
4729,高雄市永安區維新里永工一路17號,22.815855,120.252184 
4733,南投市工業南六路9號,23.916946,120.656147 
4735,新北市三重區光復路一段78號,25.050361,121.471200 
4736,新北市五股區五工二路127號,25.071736,121.453537
4737,台中市南區大慶街二段100號,24.117965,120.649494 
4908,新竹縣湖口鄉新竹工業區自強路三號,24.861749,121.007573 
4909,桃園縣新屋鄉望間村10鄰十五間45號,24.940587,121.064259 
4911,台南市新市區環東路一段31巷26號,23.097703,120.282998 
4912,新北市樹林區味王街1號,24.976158,121.403070
4939,新竹縣竹北市中華路676巷18號,24.846057,121.007357 
4965,106台北市敦化南路二段105號,25.028456,121.549215
4972,新北市樹林區博愛街236號,24.988736,121.423300 
4973,台北市內湖區洲子街106號,25.080447,121.569851
4974,新北市中和區中正路880號,25.006575,121.483983 
5014,桃園市大園區田心村大觀路178號,25.065601,121.191850 
5015,桃園市中壢區松江北路29號,24.990184,121.248266 
5016,南投市南崗工業區南崗三路61號,23.932107,120.666240 
5102,彰化縣員林鎮中央里田中央巷36-1號,23.944690,120.568915 
5201,台北市松山區光復北路11巷35號,25.050142,121.559919 
5202,台北市114內湖區新湖一路128巷15號,25.059873,121.577253
5203,新北市新店區民權路100號,24.983143,121.536062
5234,臺中市西屯區科園一路15號,24.204919,120.607566 
5243,新北市土城區中央路四段2號,24.963227,121.425851
5245,苗栗縣竹南鎮科北二路8號,24.709177,120.914662
5251,新北市中和區中正路700號,24.996718,121.485690
5287,241新北巿三重區重新路五段609巷4號,25.045370,121.467952
5288,新北市新莊區中正路708之2號,25.024995,121.416258 
5289,新北市汐止區大同路一段237號,25.058445,121.634487
5315,台中市潭子區台中加工出口區建國路12號,24.218726,120.700956 
5317,新北市汐止區新台五路一段81號,25.061094,121.646147 
5353,桃園市蘆竹區榮安路10號,25.061569,121.284212 
5355,桃園市大林里興邦路39-4號,24.980780,121.327361 
5443,新竹科學工業園區新竹縣創新一路5-1號,24.774443,120.999841 
5450,台北市內湖區陽光街349號,25.073094,121.577539
5452,新北市土城區自強街8號,24.969806,121.430522 
5478,高雄市前鎮區擴建路1-16號,22.590305,120.302679
5480,桃園縣中壢市自強四路3號,24.972587,121.242733 
5505,台北巿仁愛路四段376號,25.037368,121.555764
5506,台北市長安東路二段88號,25.048277,121.534221
5523,40360臺中市西區臺灣大道二段501號,24.156527,120.660191
5525,台中市文心路二段201號,24.159741,120.647248
5529,新竹市東區柴橋里瑞麟路1號,24.767965,120.965418
5608,台北市松山區復興北路167號16樓,25.053850,121.544265 
5609,台北市民權東路六段160號11樓,25.068437,121.591709 
5701,雲林縣古坑鄉永光村大湖口六十七號,23.615849,120.579397 
5703,台北市民權東路二段41號,25.062760,121.529729
5906,台北市中正區杭州南路一段15-1號,25.042872,121.526777
5907,台北市大安區復興南路二段237號,25.026003,121.543826
6005,台北市松仁路101號,25.036277,121.568678
6015,台北市信義路四段236號,25.032989,121.552941 
6016,台北市基隆路一段176號,25.042913,121.565139
6108,新北巿樹林區俊英街84巷6號,25.005144,121.429249 
6109,台北市大安區基隆路四段43號,25.013751,121.540613
6122,台北市內湖區瑞光路210號,25.075283,121.576501
6134,新北市五股區工業區五工六路72號,25.069993,121.448339
6135,台北市內湖區行善路118號,25.057761,121.577489 
6147,新竹市新竹科學工業園區力行五路三號,24.763491,121.020762
6148,台北市中正區北平東路30號,25.045678,121.526029
6163,新北市汐止區新台五路一段108號,25.060764,121.648019
6164,新北市新店區中正路542-5號,24.985693,121.533748
6165,新北市三重區重新路五段609巷8號,25.045422,121.467138
6176,高雄市前鎮區中六路一號,22.599768,120.291787
6177,台北市中山區民生東路二段143號,25.058099,121.534511
6179,新北市汐止區新台五路一段96號,25.060238,121.648347
6180,新北市中和區中正路736號,24.997795,121.485512
6192,台北市南港區園區街3之1號,25.058925,121.612080
6215,台北市內湖區洲子街60號,25.079478,121.572259
6216,新竹縣湖口鄉新竹工業區復興路26號,24.869021,121.005393
6217,新北市板橋區和平路24巷8號,24.993925,121.460451
6218,臺北市大同區承德路一段70號,25.052270,121.517173
6251,桃園縣龜山鄉山鶯路356號,24.981239,121.328506
6257,新竹縣竹東鎮北興路一段436號,24.733297,121.099154
6276,台北市內湖區堤頂大道二段179號,25.077281,121.570220
6277,新北市汐止區大同路二段125號,25.064067,121.650694
6278,桃園市大林里桃鶯路437號,24.979566,121.321642
6279,新北市汐止區環河街68號,25.061824,121.630937
6292,桃園縣龜山鄉民生北路一段38-1號,25.031316,121.304111
6294,台南市北區成功路114號,22.998736,120.205359
6298,新北市土城區中央路四段49號,24.961598,121.422257 
6431,臺南市安平區永華路二段248號,22.990134,120.179940
6432,新北市三重區重新路五段646號,25.044337,121.468332
6603,台南市關廟區埤頭里保東路269號,22.995902,120.302195
6605,彰化縣鹿港鎮頭南里南勢巷20-3號,24.089834,120.468315
8034,新竹科學工業園區工業東九路五號,24.772050,121.007919
8038,台中市西屯區科雅東路9號,24.224594,120.630056
8039,高雄市前鎮區高雄加工出口區環區三路一號,22.593105,120.295468
8040,新竹市光復路二段2巷47號,24.793678,121.006174
8042,新北市三重區光復路一段六十八巷十一弄一號,25.049684,121.471098 
8081,新竹市科學園區工業東三路2號,24.776657,121.006212
8082,新北市中和區板南路667號,25.007965,121.483754
8083,新北市新莊區五權三路八號,25.063273,121.452021
8084,新北市中和區連城路258號,24.996549,121.486928
8085,台北市中山北路三段22號,25.064619,121.521590
8103,新北市淡水區中正東路一段3巷9號,25.165460,121.451728
8105,苗栗縣頭份鎮蘆竹里4鄰工業路15號,24.672980,120.887552
8107,台南市新市區環西路一段6號,23.094962,120.276354
8109,台中市工業區22路36號,24.156795,120.604493 
8110,高雄市北一路18號,22.605995,120.287920
8111,新北市樹林區博愛街238號,24.987376,121.423893 
8112,台北市內湖區港墘路189號,25.075701,121.574857
8114,新北市五股區五權路6號,25.064481,121.448336
8121,台北市內湖區基湖路39號,25.079478,121.564878
8131,雲林縣斗六市榴中里河南街329號,23.713056,120.575891 
8147,新北市汐止區康寧街169巷31號,25.069643,121.622569
8150,新竹科學工業園區新竹縣研發一路一號,24.772677,121.002149 
8155,桃園市龍潭區烏林里工二路128號,24.886073,121.207585 
8163,桃園市龜山區山鶯路167-1號,24.985526,121.328394
8171,新北市新店區民權路130巷8號,24.983770,121.535111
8176,新竹市科學工業園區新安路8號,24.781500,121.004323
8182,高雄市大寮區大發工業區華東路39號,22.586845,120.433043
8183,新竹縣湖口鄉鳳凰村實踐路12號,24.867537,121.016383
8201,台北市內湖區瑞光路513巷36號,25.080273,121.570036
8210,新北市中和區建一路150號,24.998386,121.487476
8213,桃園縣平鎮市工業二路12號,24.904241,121.201984 
8215,桃園市龜山區建國東路29號,24.987799,121.322314
8222,台南市新營區新工路13巷1號,23.306494,120.282481 
8234,新北市中和區中正路920號,25.007887,121.483505
8240,高雄市前金區中正四路235號,22.628075,120.292484
8249,台北市內湖區南京東路六段501號,25.061807,121.588662
8255,桃園縣蘆竹鄉南崁路二段22號,25.057121,121.280274
8261,台北市內湖區瑞光路108號,25.071954,121.580836 
8266,台北市內湖區瑞湖街36號,25.074469,121.575700
8271,新北市土城區大安里忠承路32號,24.966281,121.438973
8277,台北市內湖區瑞光路513巷22弄5號,25.079981,121.569092
8287,桃園縣龜山鄉民生北路一段536號,25.044333,121.298033 
8289,台北市博愛路76號,25.044656,121.511307 
8291,桃園市大園區濱海路二段208號,25.111711,121.254214 
8299,新竹縣竹北市復興一街251號,24.811824,121.035186
8341,雲林縣元長鄉元東路1之20號,23.655345,120.321426
8349,台南市東區長榮路一段203號,22.984647,120.217824
8416,台北市內湖區行愛路78巷28號,25.062375,121.580305
8420,屏東縣經建路38號,22.642166,120.455502
8421,新竹縣湖口鄉中華路122-18號,24.876558,121.011085
8422,高雄縣岡山鎮民族路15號,22.793339,120.287850
8424,台北市大同區鄭州路139號,25.050376,121.510282
8427,新北市新店區民權路95號,24.982300,121.537218
8429,台北市松山區民生東路三段128號,25.057462,121.545881
8431,台北市內湖區新湖一路151號,25.058437,121.577482
8432,台北市南港區園區街3之1號,25.058906,121.612091
8433,台北市內湖區內湖路一段360巷17號,25.080867,121.570860
8435,新北市汐止區新台五路一段77號,25.060731,121.645233
8436,台北市內湖區港墘路187號,25.075833,121.574954
8437,台北市衡陽路51號11樓217室,25.042403,121.512201
8443,台北市中山區松江路168號,25.055740,121.532841
8446,台北市中山區建國北路二段135號,25.060534,121.537529
8450,台北市南港區南港路一段209號,25.054994,121.611298
8454,台北市內湖區洲子街96號,25.080116,121.570685
8905,台中市西屯區工業二路三號,24.171081,120.613298 
8906,新北市土城區中山路六十五號,24.964900,121.425664 
8908,高雄市鳳山區國泰路一段99號,22.614070,120.358721
8913,台北市大安區敦化南路二段69號,25.030635,121.549184
8916,台北市敦化南路二段105號,25.028436,121.549204
8917,新北市土城區中華路二段221號,24.973276,121.437870
8921,新北市土城區中央路一段365巷7號,24.980942,121.444271
8923,台北市萬華區大理街132號,25.033780,121.496240
8924,屏東縣內埔鄉豐田村建富路,22.641846,120.547730
8925,新竹縣芎林鄉五龍村2鄰五和街236號,24.741195,121.134130 
8936,屏東縣新園鄉媽祖路400號,22.524024,120.451898 
8937,624嘉義縣義竹鄉義工二路,23.359035,120.221472
8938,高雄市小港區中林路26號,22.536711,120.365911
8940,台中市東區旱溪東路一段456號,24.141828,120.701518 
8941,台北市內湖區瑞光路298號,25.076358,121.574698
8942,台南市歸仁區中山路一段411號,22.966474,120.296282
8996,桃園縣中壢市吉林北路2號,24.987546,121.249583
9103,台北市信義區松高路9號,25.039630,121.564676
9105,新北市深坑區北深路三段147號,25.003411,121.602330
9802,臺灣雲林縣斗六市雲科路三段76號,23.725864,120.517875
9902,台北市中正區延平南路七十五號,25.044233,121.510220
9904,台中市西屯區台灣大道四段600號,24.179262,120.623859 
9905,台北市松江路293之805號,25.060799,121.533501
9906,高雄市前鎮區民權二路6號,22.605009,120.309727
9907,台南市永康區蔦松里中正北路837號,23.049815,120.266128
9908,台北市光復北路11巷35號,25.050191,121.559877
9910,雲林縣斗六市科工八路52號,23.721295,120.508619 
9911,台中市大雅區雅潭路四段436號,24.220642,120.658398 
9912,台北市南港區園區街3之1號,25.058886,121.612080
9914,彰化縣大村鄉美港村美港路116號,23.981846,120.572262
9917,台北市鄭州路139號,25.050434,121.510304
9918,新北市永和區永和路一段100號,25.007014,121.513276
9919,台南市佳里區民安里同安寮77-1號,23.166954,120.193578
9921,台中市大甲區順帆路19號,24.408617,120.637910
9924,高雄市岡山區本洲里育才路88號,22.809274,120.281220
9925,台北市內湖區行愛路128號,25.063876,121.580062
9926,新北市三重區力行路一段52號,25.068379,121.485538
9927,高雄市大寮區莒光三街六號,22.576969,120.427011
9928,台北市南港區重陽路118號,25.056479,121.599061
9941,台北市敦化南路二段二號,25.032967,121.548338
9942,南投市南崗工業區工業路336號,23.929135,120.658864
9943,台北市信義區忠孝東路五段293號,25.041118,121.572310
9944,桃園市八德區聯華街41號,24.939488,121.280541
9945,台北市八德路二段308號,25.047085,121.542428
9946,台北市松山區八德路三段30號,25.048079,121.551479
9949,新北市永和區成功路一段80號,25.003345,121.526716
9950,台南市歸仁區中山九街40號,22.966822,120.282431
9951,台南市永康區王行里16鄰永科五路6號,23.039858,120.279970
9955,桃園市觀音區榮工南路12號,25.052884,121.130430
9958,桃園縣觀音鄉金湖村中山路一段1119號,25.031385,121.098939
9960,高雄市苓雅區海邊路29號,22.615819,120.293168
9962,高雄市永安區永工十路2號,22.813407,120.249092